0 0.365291 0.512921 0.019900 0.093689
0 0.405441 0.667733 0.015779 0.051203
0 0.317076 0.187854 0.012132 0.029272
0 0.571490 0.163767 0.010584 0.038314
0 0.580164 0.029609 0.008534 0.029575
0 0.536325 0.925371 0.008135 0.028107
0 0.484237 0.209100 0.005745 0.018060
0 0.421071 0.299430 0.010625 0.031311
0 0.558895 0.572118 0.012809 0.024571
0 0.252203 0.116472 0.007430 0.018147
0 0.237267 0.608143 0.016579 0.043207
0 0.545876 0.795524 0.008624 0.034219
0 0.962494 0.583218 0.005446 0.024970
0 0.415954 0.513577 0.024979 0.095171
