0 0.803864 0.953374 0.017816 0.085857
0 0.219379 0.281166 0.025302 0.089133
0 0.309802 0.840610 0.010108 0.032500
0 0.243441 0.140958 0.010457 0.032853
0 0.154555 0.095106 0.011715 0.032408
0 0.544202 0.421838 0.008571 0.026635
0 0.028210 0.154090 0.027593 0.097425
0 0.316909 0.192315 0.013232 0.027646
0 0.309727 0.849877 0.011083 0.050825
0 0.315203 0.808201 0.009553 0.032222
0 0.289171 0.754043 0.009294 0.032103
0 0.151202 0.093124 0.008915 0.033037
0 0.519015 0.724034 0.007199 0.023292
0 0.045870 0.035201 0.007904 0.029357
