0 0.576575 0.160220 0.009103 0.032787
0 0.787958 0.958161 0.009752 0.033762
0 0.602982 0.114383 0.009797 0.034038
0 0.920834 0.686552 0.012044 0.025625
0 0.487739 0.510762 0.009374 0.027431
0 0.553344 0.784924 0.018435 0.089182
0 0.313449 0.774157 0.012731 0.036737
0 0.506230 0.220954 0.009214 0.034462
0 0.310946 0.843054 0.010095 0.031883
0 0.315776 0.809663 0.011345 0.032390
0 0.556687 0.963232 0.016215 0.069305
0 0.242185 0.132536 0.007843 0.031007
0 0.594149 0.701678 0.012600 0.028843
0 0.261293 0.137733 0.005813 0.019705
0 0.537303 0.342504 0.011599 0.027270
0 0.731447 0.799350 0.010057 0.028838
0 0.310804 0.852493 0.011179 0.052625
0 0.558795 0.313959 0.014839 0.033283
0 0.622588 0.726108 0.009752 0.021197
