0 0.309865 0.850882 0.010917 0.050895
0 0.470228 0.306325 0.007581 0.020798
0 0.558513 0.402372 0.007961 0.030706
0 0.163911 0.130352 0.011691 0.030917
0 0.789961 0.460562 0.008547 0.024664
0 0.662836 0.873113 0.012231 0.036420
0 0.243587 0.140736 0.009719 0.031715
0 0.625621 0.615042 0.009096 0.025996
0 0.510255 0.877396 0.008272 0.033359
0 0.604262 0.625615 0.014188 0.027897
0 0.486451 0.888325 0.010557 0.049494
0 0.150118 0.088971 0.007025 0.026337
0 0.684398 0.656515 0.010705 0.035676
0 0.681767 0.656834 0.013082 0.035013
