0 0.629061 0.134416 0.008507 0.036666
0 0.531924 0.894045 0.008564 0.034318
0 0.543947 0.328752 0.008873 0.032280
0 0.318444 0.815605 0.008660 0.034478
0 0.315404 0.780357 0.011155 0.035092
0 0.648233 0.022876 0.008634 0.041846
0 0.313796 0.851403 0.010419 0.032586
0 0.711104 0.854180 0.012894 0.029277
0 0.645659 0.590668 0.015169 0.029248
0 0.500649 0.980882 0.009332 0.035247
0 0.536295 0.120648 0.010660 0.026110
0 0.313841 0.860329 0.011183 0.050737
0 0.655169 0.023640 0.011793 0.042879
0 0.713680 0.860681 0.011068 0.020794
