0 0.516808 0.083022 0.009939 0.039428
0 0.530818 0.896764 0.016630 0.084141
0 0.535906 0.356429 0.008633 0.031121
0 0.589613 0.051655 0.009379 0.038575
0 0.606713 0.740918 0.013918 0.065821
0 0.604527 0.721885 0.009396 0.031729
0 0.312293 0.854692 0.010054 0.050694
0 0.527538 0.870461 0.010508 0.033759
0 0.311982 0.847267 0.008931 0.034911
0 0.314280 0.776859 0.012170 0.035580
0 0.673304 0.874060 0.012760 0.035095
0 0.242082 0.131734 0.009655 0.032569
0 0.565622 0.224111 0.009010 0.029791
0 0.802952 0.454097 0.008009 0.026278
0 0.037111 0.021891 0.008701 0.034312
