0 0.008487 0.166364 0.016974 0.093477
0 0.463100 0.518371 0.007925 0.030669
0 0.494568 0.534191 0.009864 0.037132
0 0.309055 0.842745 0.010504 0.036295
0 0.416236 0.376517 0.008237 0.028565
0 0.161892 0.130338 0.012195 0.031544
0 0.402884 0.485650 0.016039 0.028555
0 0.795575 0.933734 0.011772 0.032397
0 0.309608 0.851404 0.012611 0.053771
0 0.239480 0.137630 0.007703 0.030655
0 0.336215 0.263317 0.015169 0.023258
0 0.315318 0.193275 0.011689 0.031971
0 0.314539 0.808471 0.009986 0.032226
0 0.139149 0.088938 0.005969 0.027067
