0 0.559179 0.749452 0.020001 0.080798
0 0.541221 0.423086 0.009436 0.028630
0 0.536551 0.865465 0.023207 0.094040
0 0.313465 0.774153 0.012863 0.036413
0 0.405059 0.292139 0.008666 0.021917
0 0.586018 0.692918 0.009130 0.031149
0 0.315771 0.808239 0.011066 0.030739
0 0.602616 0.058009 0.008834 0.031177
0 0.102087 0.028715 0.011383 0.034480
0 0.311120 0.841343 0.009856 0.026372
0 0.268061 0.531373 0.010718 0.040052
0 0.794353 0.455699 0.006210 0.025162
0 0.007712 0.491950 0.009821 0.031081
0 0.312374 0.853769 0.013501 0.052594
0 0.873430 0.582556 0.008442 0.022732
