0 0.581360 0.204260 0.008771 0.030141
0 0.612250 0.120446 0.008040 0.035026
0 0.236817 0.330849 0.024196 0.083357
0 0.513251 0.340224 0.010248 0.030409
0 0.789146 0.462382 0.010041 0.027898
0 0.162794 0.128829 0.011197 0.029929
0 0.585320 0.321596 0.010382 0.037322
0 0.502884 0.063220 0.009361 0.036445
0 0.351157 0.220849 0.007165 0.019552
0 0.639490 0.757453 0.018635 0.089800
0 0.307910 0.841898 0.009912 0.033341
0 0.794112 0.936309 0.011671 0.033161
0 0.007371 0.488801 0.009629 0.030566
0 0.513037 0.814561 0.009394 0.037215
0 0.257137 0.697358 0.007846 0.025071
