0 0.575412 0.342861 0.008956 0.034346
0 0.595496 0.336749 0.008821 0.031536
0 0.508850 0.882681 0.008516 0.030886
0 0.692021 0.677958 0.016164 0.080455
0 0.500577 0.900676 0.008192 0.033981
0 0.599801 0.032728 0.009642 0.036081
0 0.551657 0.922562 0.010010 0.037622
0 0.603158 0.062704 0.016685 0.096337
0 0.663620 0.430320 0.011692 0.027745
0 0.280533 0.643327 0.023798 0.097139
0 0.529002 0.330574 0.014048 0.029901
0 0.313491 0.776467 0.013583 0.037086
0 0.544053 0.391145 0.012097 0.028443
0 0.598187 0.701552 0.019217 0.098479
0 0.560916 0.333671 0.016010 0.056589
0 0.667710 0.019083 0.016043 0.028712
0 0.468005 0.777635 0.012802 0.059466
0 0.559275 0.319114 0.011068 0.025985
0 0.672484 0.875914 0.013376 0.036995
0 0.644119 0.051422 0.010145 0.047070
