0 0.777737 0.876351 0.012636 0.028073
0 0.485366 0.144760 0.008708 0.033761
0 0.601714 0.121861 0.008321 0.031728
0 0.512075 0.120988 0.010094 0.034862
0 0.624949 0.347021 0.008283 0.031615
0 0.492285 0.706882 0.012794 0.029567
0 0.545097 0.530602 0.007979 0.029143
0 0.502050 0.865006 0.008544 0.032290
0 0.509852 0.260860 0.007127 0.029362
0 0.008502 0.489398 0.008266 0.032077
0 0.243454 0.138051 0.009940 0.033416
0 0.044503 0.031337 0.007999 0.030665
0 0.676375 0.410853 0.017493 0.028374
0 0.150234 0.088639 0.006880 0.026546
0 0.477656 0.292456 0.007792 0.029928
0 0.189712 0.550705 0.009175 0.027009
0 0.163590 0.128180 0.011824 0.028597
0 0.038378 0.172554 0.018305 0.082000
