0 0.629225 0.619859 0.007711 0.034747
0 0.520889 0.118963 0.009160 0.034824
0 0.684371 0.874124 0.009304 0.034679
0 0.788528 0.469184 0.010995 0.032032
0 0.805396 0.464867 0.008853 0.026212
0 0.152515 0.533795 0.010057 0.029275
0 0.314925 0.792330 0.012195 0.035265
0 0.152982 0.532005 0.008078 0.024993
0 0.537163 0.969977 0.014524 0.060046
0 0.337494 0.322203 0.011238 0.055018
0 0.458143 0.168932 0.009760 0.035066
0 0.280984 0.603777 0.010964 0.029186
0 0.312671 0.862403 0.008686 0.029607
0 0.384752 0.265674 0.010119 0.033491
0 0.535132 0.958341 0.011761 0.034706
0 0.442418 0.128658 0.007928 0.027183
0 0.510696 0.889112 0.011170 0.026812
0 0.278267 0.164463 0.008816 0.021364
0 0.242463 0.142755 0.010742 0.033406
0 0.532394 0.850103 0.015126 0.053418
