0 0.546740 0.797509 0.017570 0.097127
0 0.632621 0.389085 0.011814 0.029251
0 0.574476 0.341230 0.008429 0.032016
0 0.527272 0.380648 0.014242 0.027301
0 0.313616 0.776429 0.012078 0.035869
0 0.242732 0.131238 0.010837 0.032610
0 0.473300 0.702263 0.012588 0.027134
0 0.311810 0.852303 0.010415 0.045552
0 0.672346 0.876750 0.013219 0.037088
0 0.038112 0.019914 0.011984 0.035139
0 0.412369 0.740275 0.019667 0.061727
0 0.100789 0.019998 0.011234 0.035884
0 0.545499 0.283740 0.009810 0.029701
0 0.660377 0.050399 0.020726 0.052060
