0 0.510153 0.423185 0.021610 0.092889
0 0.606074 0.251962 0.009220 0.031353
0 0.588271 0.411316 0.009009 0.030746
0 0.502637 0.974748 0.017486 0.050503
0 0.584640 0.794154 0.010737 0.038202
0 0.463276 0.782699 0.014879 0.060541
0 0.619066 0.327885 0.010788 0.034796
0 0.315951 0.192414 0.012470 0.029535
0 0.537368 0.872076 0.008528 0.032252
0 0.163351 0.129566 0.011023 0.028093
0 0.791567 0.459936 0.008552 0.025230
0 0.187149 0.548298 0.011918 0.030507
0 0.102278 0.571522 0.009012 0.021590
0 0.310153 0.851272 0.010837 0.049470
0 0.611591 0.406794 0.015215 0.032307
