0 0.797538 0.983912 0.009437 0.030438
0 0.325377 0.337271 0.016296 0.075263
0 0.163992 0.131213 0.011560 0.030631
0 0.321068 0.194995 0.021265 0.032457
0 0.551477 0.334352 0.009235 0.019242
0 0.325643 0.347403 0.015000 0.055349
0 0.479347 0.435816 0.020502 0.060928
0 0.790935 0.460676 0.008783 0.024454
0 0.663827 0.874099 0.011785 0.037197
0 0.563295 0.268523 0.017704 0.096680
0 0.136539 0.622833 0.009467 0.025449
0 0.639053 0.374290 0.011162 0.032007
0 0.010165 0.488752 0.008051 0.025512
0 0.655721 0.531648 0.024520 0.078976
0 0.008614 0.491701 0.007811 0.030481
