0 0.501281 0.899982 0.008337 0.034333
0 0.518461 0.901982 0.008604 0.035762
0 0.512022 0.794991 0.009451 0.030776
0 0.671837 0.738321 0.013468 0.043230
0 0.542751 0.886831 0.017138 0.060898
0 0.498180 0.113985 0.008087 0.033714
0 0.570147 0.854532 0.012031 0.054055
0 0.607206 0.455768 0.016862 0.031058
0 0.036100 0.021867 0.011390 0.034351
0 0.037997 0.024155 0.008568 0.030413
0 0.569281 0.841989 0.009461 0.029033
0 0.637492 0.324920 0.011503 0.029314
0 0.313752 0.776520 0.013598 0.036089
0 0.311144 0.845813 0.009108 0.031760
0 0.537550 0.858908 0.008138 0.030135
0 0.520116 0.417331 0.015114 0.053994
