0 0.538614 0.411201 0.010148 0.028559
0 0.314507 0.780121 0.012523 0.036699
0 0.464510 0.479001 0.011065 0.031217
0 0.565810 0.684118 0.009246 0.034082
0 0.313258 0.860055 0.011823 0.053420
0 0.471860 0.431685 0.012151 0.037221
0 0.789034 0.459030 0.009482 0.031085
0 0.277727 0.153830 0.013556 0.027448
0 0.322568 0.730838 0.012546 0.034579
0 0.471645 0.425531 0.011507 0.025258
0 0.317547 0.817059 0.009483 0.036656
0 0.302200 0.862973 0.012331 0.044734
0 0.527517 0.764559 0.009128 0.031388
0 0.543153 0.174516 0.012000 0.036721
