0 0.545316 0.563269 0.009934 0.026557
0 0.654675 0.400932 0.009246 0.034678
0 0.568310 0.096136 0.008776 0.036021
0 0.314058 0.777525 0.011866 0.035040
0 0.592862 0.097161 0.008513 0.037056
0 0.312645 0.856839 0.010552 0.052812
0 0.006272 0.492382 0.009239 0.030497
0 0.312263 0.848700 0.009433 0.035452
0 0.576080 0.562143 0.013628 0.029256
0 0.467323 0.783819 0.011964 0.048922
0 0.625856 0.799804 0.010927 0.021666
0 0.516722 0.715893 0.009880 0.037888
0 0.037316 0.023983 0.009631 0.034102
0 0.039245 0.026211 0.009622 0.032283
0 0.782434 0.460803 0.009511 0.032252
