0 0.569710 0.174475 0.008531 0.034907
0 0.477808 0.503076 0.009141 0.032617
0 0.550459 0.339248 0.012973 0.030142
0 0.635527 0.236734 0.009116 0.036005
0 0.600619 0.600834 0.010260 0.034066
0 0.313314 0.851227 0.009551 0.030660
0 0.634015 0.318396 0.008967 0.032598
0 0.315293 0.779988 0.010520 0.035694
0 0.313288 0.858391 0.010134 0.046037
0 0.472589 0.439301 0.007845 0.025955
0 0.323822 0.731807 0.012592 0.032060
0 0.534445 0.353625 0.012592 0.032678
0 0.397439 0.467645 0.006618 0.019504
0 0.458265 0.445789 0.010130 0.035307
0 0.460092 0.111479 0.010194 0.035470
0 0.463749 0.440203 0.006629 0.026028
0 0.302184 0.855764 0.009080 0.026788
0 0.302215 0.860301 0.009826 0.035909
