0 0.544088 0.700298 0.010609 0.036870
0 0.783736 0.950764 0.011477 0.035389
0 0.501747 0.701732 0.010604 0.024322
0 0.662346 0.825022 0.007395 0.027296
0 0.787407 0.458593 0.010445 0.026965
0 0.473968 0.760455 0.011364 0.045187
0 0.308645 0.840582 0.009497 0.028851
0 0.487034 0.734837 0.008282 0.030614
0 0.793770 0.932630 0.010980 0.033554
0 0.037407 0.034353 0.007327 0.033130
0 0.007055 0.492696 0.008819 0.029601
0 0.145947 0.279257 0.028792 0.076646
0 0.603214 0.185160 0.008641 0.032084
0 0.039095 0.034693 0.009218 0.033323
