0 0.629825 0.612418 0.008821 0.035134
0 0.459263 0.176146 0.009311 0.035324
0 0.788714 0.458703 0.009754 0.030862
0 0.805791 0.453628 0.008470 0.024394
0 0.315283 0.779701 0.010225 0.036022
0 0.277680 0.152167 0.008518 0.023082
0 0.313711 0.849971 0.009619 0.030877
0 0.242276 0.131760 0.009393 0.033098
0 0.645809 0.027731 0.009099 0.041633
0 0.645704 0.022867 0.008099 0.034720
0 0.500782 0.978235 0.009315 0.039939
0 0.318850 0.818725 0.010143 0.038927
0 0.543387 0.176097 0.012662 0.034277
0 0.323987 0.732754 0.012454 0.034844
