0 0.314639 0.778611 0.010953 0.036426
0 0.596471 0.760524 0.009459 0.033141
0 0.312827 0.848085 0.008363 0.028375
0 0.570525 0.327718 0.009468 0.035533
0 0.805744 0.453040 0.008898 0.027400
0 0.699393 0.668537 0.012731 0.063868
0 0.585764 0.749315 0.009618 0.033042
0 0.494651 0.302514 0.009039 0.030193
0 0.771759 0.379618 0.009001 0.025914
0 0.616202 0.114315 0.009435 0.036100
0 0.499824 0.979217 0.010192 0.039445
0 0.684010 0.861696 0.009824 0.035209
0 0.278471 0.150044 0.007494 0.020399
0 0.318355 0.814689 0.009969 0.033563
0 0.302376 0.849374 0.007810 0.021215
0 0.788974 0.458085 0.009539 0.031211
