0 0.553555 0.274430 0.015973 0.097197
0 0.783214 0.953740 0.010975 0.035296
0 0.364937 0.454736 0.009292 0.032441
0 0.162294 0.129337 0.010978 0.028972
0 0.584013 0.268587 0.011546 0.046165
0 0.592192 0.586140 0.010918 0.028127
0 0.794178 0.935304 0.009719 0.032982
0 0.308845 0.840119 0.010028 0.031060
0 0.220489 0.544765 0.008998 0.019679
0 0.392146 0.261398 0.016304 0.035050
0 0.530613 0.757492 0.009107 0.030639
0 0.636276 0.423814 0.009425 0.028670
0 0.219104 0.547004 0.012040 0.024318
0 0.551592 0.244195 0.011876 0.037158
0 0.790261 0.460837 0.007463 0.023775
0 0.190853 0.558769 0.012669 0.037847
0 0.010706 0.149668 0.021293 0.086225
0 0.670190 0.452969 0.009813 0.019232
