0 0.565586 0.437683 0.010637 0.028712
0 0.612152 0.574186 0.016639 0.086870
0 0.533197 0.479579 0.011374 0.030518
0 0.569711 0.197865 0.015858 0.091779
0 0.637973 0.588847 0.014665 0.057812
0 0.536301 0.504390 0.017691 0.079126
0 0.561092 0.573029 0.011359 0.023896
0 0.483572 0.768378 0.012115 0.040605
0 0.432299 0.535812 0.021656 0.088682
0 0.311141 0.842480 0.009774 0.030417
0 0.314040 0.774261 0.013673 0.036027
0 0.564726 0.593431 0.018889 0.066017
0 0.609332 0.547428 0.010304 0.032952
0 0.466511 0.779566 0.013375 0.055685
0 0.838698 0.983092 0.015360 0.027767
0 0.311135 0.854031 0.011397 0.055543
0 0.315856 0.810187 0.011850 0.032147
0 0.689313 0.677069 0.017860 0.078591
0 0.101673 0.020884 0.011306 0.035493
0 0.539104 0.180486 0.011939 0.029299
0 0.354870 0.570023 0.024902 0.066058
0 0.261049 0.138741 0.007406 0.021596
0 0.368362 0.767969 0.011600 0.022487
0 0.797238 0.458337 0.008762 0.025709
