0 0.543159 0.428834 0.009933 0.033966
0 0.310443 0.850738 0.011406 0.049200
0 0.310053 0.843708 0.010650 0.034542
0 0.493581 0.619360 0.009734 0.033588
0 0.019439 0.026550 0.010086 0.043216
0 0.620300 0.544586 0.019009 0.075431
0 0.791341 0.457893 0.007266 0.025026
0 0.008357 0.491214 0.009991 0.033852
0 0.103209 0.029132 0.011423 0.036115
0 0.518647 0.480361 0.021613 0.078585
0 0.103122 0.037491 0.012795 0.053628
0 0.590156 0.408005 0.007594 0.016733
0 0.314915 0.806812 0.009580 0.029438
0 0.044887 0.031307 0.008192 0.031253
0 0.686216 0.655542 0.009561 0.034036
