0 0.556280 0.177304 0.009993 0.031379
0 0.615785 0.064165 0.010172 0.033764
0 0.163628 0.130090 0.011785 0.031732
0 0.534506 0.310117 0.016136 0.027497
0 0.309919 0.850973 0.011360 0.050578
0 0.243486 0.140275 0.010315 0.032105
0 0.674041 0.407542 0.018920 0.040282
0 0.626242 0.595348 0.009359 0.032234
0 0.309536 0.845244 0.010361 0.038563
0 0.150365 0.088582 0.007100 0.026543
0 0.790112 0.461874 0.007677 0.026332
0 0.045337 0.032441 0.006901 0.029691
0 0.588110 0.613284 0.016889 0.053487
0 0.531079 0.757108 0.012410 0.030874
0 0.822034 0.480342 0.008648 0.031045
