0 0.797137 0.973690 0.010900 0.036235
0 0.163394 0.130836 0.011129 0.030347
0 0.618045 0.167197 0.010045 0.037886
0 0.682305 0.675095 0.013979 0.069204
0 0.551695 0.299321 0.009687 0.030927
0 0.625630 0.596989 0.009055 0.032665
0 0.533480 0.313356 0.015684 0.030979
0 0.501027 0.573087 0.008114 0.024516
0 0.007694 0.489428 0.008693 0.030073
0 0.789389 0.461486 0.008369 0.024699
0 0.150306 0.091658 0.007387 0.030275
0 0.307994 0.841640 0.009250 0.030311
0 0.539385 0.722111 0.010406 0.032173
0 0.018537 0.032654 0.008571 0.040932
0 0.242460 0.140928 0.010117 0.032012
