0 0.577407 0.511185 0.020620 0.071472
0 0.555726 0.710574 0.017324 0.034191
0 0.563403 0.224663 0.015898 0.095127
0 0.508501 0.799689 0.007560 0.033129
0 0.645143 0.311017 0.013144 0.039437
0 0.559064 0.194091 0.008640 0.034454
0 0.463090 0.416138 0.012189 0.029761
0 0.473343 0.292182 0.008468 0.025809
0 0.394054 0.262811 0.014316 0.035319
0 0.163235 0.129879 0.011125 0.028840
0 0.451386 0.276724 0.009479 0.026766
0 0.150034 0.090813 0.007004 0.029151
0 0.311131 0.775157 0.011901 0.040164
0 0.514262 0.189215 0.008854 0.030097
0 0.018892 0.032462 0.008294 0.045105
0 0.535215 0.980717 0.010733 0.033149
0 0.005595 0.325070 0.011152 0.090192
0 0.684515 0.656901 0.010610 0.034484
0 0.008057 0.490640 0.010193 0.032930
0 0.575337 0.488095 0.015631 0.026836
