0 0.430901 0.394478 0.011306 0.024884
0 0.559868 0.554659 0.011548 0.032265
0 0.579711 0.795217 0.008302 0.022038
0 0.640404 0.533091 0.021060 0.079043
0 0.309186 0.844822 0.010680 0.034698
0 0.626107 0.565558 0.008537 0.042715
0 0.790661 0.461901 0.007577 0.026366
0 0.007648 0.489016 0.008784 0.026884
0 0.517028 0.870286 0.008769 0.027963
0 0.309543 0.852776 0.012345 0.051450
0 0.596018 0.010926 0.007905 0.021851
0 0.684682 0.413344 0.007397 0.024929
0 0.019417 0.026546 0.009464 0.034935
0 0.150397 0.091912 0.007514 0.031343
0 0.199376 0.280661 0.025251 0.086189
