0 0.536102 0.046447 0.009407 0.040208
0 0.607214 0.029176 0.009062 0.040232
0 0.587897 0.739525 0.009387 0.029698
0 0.598589 0.751078 0.010392 0.032718
0 0.278359 0.150267 0.008264 0.024639
0 0.313171 0.846152 0.008745 0.031287
0 0.606483 0.893774 0.014649 0.066656
0 0.683885 0.860821 0.009573 0.034121
0 0.315144 0.776708 0.011658 0.035318
0 0.852110 0.963647 0.015923 0.025811
0 0.242293 0.127859 0.011038 0.033147
0 0.567848 0.041808 0.010527 0.032904
0 0.805876 0.452059 0.008376 0.025778
0 0.470435 0.778874 0.012542 0.056224
0 0.662623 0.422316 0.011391 0.031414
0 0.514850 0.670789 0.014874 0.049659
