0 0.800059 0.979689 0.012059 0.037979
0 0.621818 0.641912 0.011276 0.031161
0 0.017123 0.391645 0.028493 0.067641
0 0.154806 0.096407 0.013161 0.034267
0 0.310977 0.840252 0.009848 0.029879
0 0.513845 0.982928 0.008759 0.034143
0 0.685499 0.655318 0.009300 0.039145
0 0.289231 0.754197 0.008753 0.030731
0 0.244251 0.142389 0.009660 0.030575
0 0.396730 0.436092 0.022180 0.093072
0 0.683397 0.674994 0.013845 0.077507
0 0.684905 0.661279 0.010238 0.049018
0 0.542564 0.492568 0.012720 0.025088
0 0.548948 0.983571 0.009535 0.032858
0 0.469415 0.111592 0.005529 0.017282
