0 0.570868 0.364157 0.011325 0.032468
0 0.588474 0.212479 0.015241 0.090990
0 0.585751 0.182286 0.008905 0.027440
0 0.540970 0.311677 0.011267 0.032406
0 0.593077 0.387665 0.010634 0.037153
0 0.228027 0.534311 0.013151 0.032385
0 0.525095 0.375067 0.018466 0.080934
0 0.311858 0.857609 0.011701 0.054221
0 0.501018 0.901584 0.008119 0.032021
0 0.672272 0.876651 0.013005 0.037625
0 0.311317 0.852093 0.009759 0.042245
0 0.313413 0.777083 0.012552 0.036680
0 0.596365 0.412493 0.016986 0.085992
0 0.784239 0.459630 0.009732 0.031684
0 0.544585 0.815704 0.009526 0.034784
0 0.036957 0.021486 0.011263 0.035071
0 0.691831 0.679230 0.015964 0.078942
0 0.513927 0.777312 0.011375 0.033082
0 0.556091 0.362136 0.014636 0.032203
0 0.316354 0.813905 0.011576 0.033047
0 0.404436 0.778184 0.009874 0.042211
0 0.438624 0.760287 0.021575 0.075367
0 0.516495 0.801538 0.016745 0.080793
0 0.539474 0.179330 0.012666 0.032340
