0 0.556630 0.235915 0.009603 0.039516
0 0.541079 0.512004 0.015574 0.056184
0 0.488715 0.325349 0.010798 0.038068
0 0.785250 0.957148 0.011388 0.035605
0 0.562645 0.153130 0.008997 0.034881
0 0.407664 0.735707 0.022298 0.072674
0 0.548715 0.348980 0.010930 0.028599
0 0.315673 0.194007 0.012840 0.030442
0 0.008448 0.494564 0.010119 0.033633
0 0.236531 0.606755 0.015671 0.035168
0 0.140952 0.091741 0.006174 0.028198
0 0.534633 0.934339 0.008865 0.029305
0 0.600376 0.495159 0.027474 0.087541
0 0.355993 0.142203 0.016807 0.048108
0 0.791016 0.461909 0.008863 0.025346
0 0.503337 0.842469 0.008273 0.033848
0 0.457204 0.285288 0.007435 0.014546
0 0.401288 0.777915 0.010942 0.041049
0 0.309945 0.843107 0.009567 0.030200
0 0.259069 0.621587 0.014893 0.036365
