0 0.620116 0.521235 0.008245 0.032251
0 0.566157 0.348988 0.008743 0.029446
0 0.203764 0.238441 0.024563 0.075023
0 0.310781 0.851665 0.011487 0.049600
0 0.310563 0.841098 0.010742 0.028023
0 0.506370 0.254246 0.006799 0.033806
0 0.522545 0.342973 0.011215 0.029743
0 0.006746 0.488594 0.009775 0.031168
0 0.795409 0.457728 0.008459 0.027998
0 0.315388 0.808751 0.010440 0.032320
0 0.520050 0.581584 0.009612 0.029478
0 0.689830 0.656239 0.010999 0.035969
0 0.044140 0.025766 0.007865 0.034484
0 0.037406 0.022395 0.007000 0.030710
0 0.154572 0.089691 0.008173 0.030528
0 0.255458 0.099415 0.007386 0.023194
