0 0.607725 0.131489 0.009194 0.029495
0 0.447033 0.427152 0.019492 0.085447
0 0.482250 0.684412 0.009738 0.030103
0 0.621071 0.323582 0.010027 0.030558
0 0.573692 0.380054 0.017789 0.086715
0 0.787445 0.458442 0.010110 0.026674
0 0.482063 0.681724 0.010709 0.041237
0 0.783201 0.949459 0.012151 0.034646
0 0.308583 0.841308 0.009617 0.029645
0 0.852059 0.568573 0.006023 0.015595
0 0.716745 0.437186 0.007902 0.017371
0 0.384076 0.261023 0.010716 0.032691
0 0.390390 0.707793 0.010598 0.033596
0 0.064808 0.203638 0.020703 0.087604
0 0.006949 0.492838 0.009567 0.029637
0 0.793869 0.932668 0.010049 0.033275
0 0.240038 0.142155 0.010319 0.030476
0 0.408237 0.714361 0.008627 0.042545
0 0.107441 0.543188 0.014506 0.029585
0 0.573119 0.367202 0.016329 0.061187
0 0.006983 0.152033 0.013581 0.080943
0 0.396662 0.255843 0.007130 0.020052
0 0.391757 0.712201 0.013433 0.042427
