0 0.614955 0.230112 0.009388 0.032122
0 0.590742 0.472737 0.019357 0.086448
0 0.310621 0.845037 0.009553 0.038394
0 0.589430 0.442689 0.016792 0.025276
0 0.548536 0.354311 0.010379 0.030335
0 0.150235 0.090115 0.008357 0.033339
0 0.103288 0.026613 0.011217 0.032810
0 0.018768 0.022292 0.009073 0.028842
0 0.310503 0.852066 0.010435 0.053062
0 0.594162 0.274321 0.008231 0.025389
0 0.037508 0.020681 0.006584 0.021763
0 0.597435 0.305032 0.015538 0.086506
0 0.152319 0.091921 0.009127 0.032307
0 0.044380 0.031446 0.008251 0.029745
