0 0.596022 0.345864 0.014647 0.029984
0 0.518363 0.881610 0.011211 0.036959
0 0.314777 0.779609 0.011090 0.036891
0 0.524244 0.937955 0.009267 0.031396
0 0.312743 0.849869 0.007889 0.027667
0 0.522658 0.127561 0.008569 0.035251
0 0.622405 0.030995 0.007883 0.034587
0 0.652990 0.346706 0.012283 0.065360
0 0.500270 0.980364 0.009598 0.034976
0 0.653211 0.333248 0.010755 0.037706
0 0.302239 0.851032 0.007464 0.023347
0 0.242185 0.130050 0.008193 0.034371
0 0.492756 0.872226 0.007450 0.017558
0 0.588664 0.327330 0.006698 0.019746
0 0.646710 0.027885 0.009048 0.048131
0 0.646467 0.022916 0.007817 0.038070
