0 0.314690 0.779874 0.011438 0.037331
0 0.805358 0.453304 0.009248 0.028081
0 0.697626 0.676021 0.014597 0.077408
0 0.629673 0.614818 0.008451 0.032503
0 0.302510 0.223766 0.013542 0.038543
0 0.525615 0.055955 0.008571 0.034021
0 0.499323 0.979260 0.009235 0.040795
0 0.442556 0.113242 0.010230 0.027301
0 0.318028 0.817952 0.010181 0.037971
0 0.322767 0.730861 0.012175 0.032658
0 0.448689 0.230247 0.015763 0.035484
0 0.313828 0.849557 0.009859 0.030002
0 0.646243 0.042940 0.011765 0.070558
0 0.788175 0.456765 0.009715 0.031280
0 0.277252 0.151610 0.007935 0.021837
