0 0.562711 0.471990 0.008863 0.031528
0 0.579102 0.490464 0.009580 0.032115
0 0.500819 0.980536 0.009876 0.035692
0 0.595587 0.874328 0.007244 0.035675
0 0.567927 0.254173 0.009258 0.037888
0 0.314664 0.780871 0.010797 0.036410
0 0.545598 0.311677 0.010282 0.033506
0 0.323557 0.730466 0.012916 0.034399
0 0.606249 0.234302 0.010224 0.033703
0 0.313552 0.850682 0.010276 0.028454
0 0.512185 0.979920 0.011133 0.037672
0 0.317785 0.815090 0.009118 0.030499
0 0.808051 0.451528 0.007522 0.023496
0 0.472661 0.728304 0.008518 0.026802
0 0.313186 0.862092 0.012530 0.051614
