0 0.548339 0.345482 0.012139 0.030088
0 0.598206 0.149098 0.009762 0.036313
0 0.506997 0.712543 0.008696 0.032623
0 0.524490 0.615550 0.011982 0.033705
0 0.472166 0.693060 0.009267 0.023784
0 0.690084 0.923995 0.009299 0.030522
0 0.491215 0.703246 0.009360 0.034717
0 0.525483 0.359271 0.012133 0.036698
0 0.692171 0.677967 0.016109 0.079173
0 0.314481 0.776704 0.012407 0.036468
0 0.311655 0.846078 0.008647 0.031989
0 0.680039 0.920930 0.010947 0.037056
0 0.505624 0.537639 0.011941 0.022619
0 0.671587 0.873659 0.012140 0.034871
0 0.035954 0.023281 0.008234 0.033794
