0 0.644342 0.306877 0.008513 0.028592
0 0.617598 0.569743 0.009160 0.031513
0 0.550484 0.503694 0.010404 0.031736
0 0.314265 0.776925 0.012188 0.035501
0 0.573071 0.756576 0.009374 0.022099
0 0.313388 0.855877 0.012090 0.052903
0 0.006261 0.492108 0.010100 0.030498
0 0.563771 0.701741 0.006400 0.017456
0 0.583060 0.515088 0.008702 0.029226
0 0.045536 0.025641 0.012696 0.035618
0 0.634049 0.178475 0.008231 0.031143
0 0.265027 0.292705 0.023418 0.071681
0 0.048698 0.024796 0.008720 0.035525
0 0.540093 0.180202 0.012401 0.029183
0 0.767055 0.859218 0.012722 0.068488
0 0.036284 0.021116 0.008016 0.030494
