0 0.547008 0.686301 0.016220 0.094745
0 0.572232 0.129669 0.008027 0.033869
0 0.458778 0.400852 0.009249 0.034799
0 0.308950 0.848157 0.010873 0.045314
0 0.588747 0.133586 0.008448 0.032008
0 0.011937 0.405731 0.023817 0.095282
0 0.503149 0.393003 0.008658 0.030817
0 0.602330 0.117654 0.008074 0.028245
0 0.309812 0.852801 0.013221 0.055604
0 0.549664 0.474413 0.013968 0.023494
0 0.007426 0.491566 0.009526 0.032001
0 0.489428 0.045885 0.008508 0.031818
0 0.790173 0.459562 0.008444 0.026368
0 0.162377 0.130623 0.011857 0.030290
0 0.108763 0.462626 0.014174 0.022184
0 0.511403 0.058546 0.008874 0.030939
