0 0.514923 0.583546 0.019180 0.087910
0 0.616555 0.240603 0.010088 0.033665
0 0.477206 0.305220 0.009012 0.024162
0 0.666305 0.873764 0.013976 0.036954
0 0.310462 0.840976 0.009614 0.029713
0 0.487005 0.663672 0.008674 0.030218
0 0.006774 0.492038 0.009656 0.031380
0 0.725868 0.515914 0.011582 0.029149
0 0.310345 0.852117 0.010461 0.052947
0 0.684819 0.676996 0.015847 0.075776
0 0.507032 0.983181 0.008767 0.033638
0 0.313403 0.774831 0.014058 0.036364
0 0.511363 0.552196 0.009961 0.030879
0 0.102338 0.571372 0.009570 0.022182
0 0.916720 0.897119 0.015221 0.017541
0 0.525410 0.923470 0.007961 0.025944
0 0.152941 0.093007 0.008955 0.031904
