0 0.596251 0.552863 0.009833 0.030569
0 0.595014 0.650283 0.013876 0.026703
0 0.572767 0.222794 0.010469 0.029733
0 0.315146 0.780318 0.011315 0.036718
0 0.313220 0.850205 0.008534 0.028463
0 0.684323 0.858879 0.008500 0.031980
0 0.788942 0.457666 0.009770 0.029820
0 0.645242 0.024394 0.008293 0.040787
0 0.606780 0.365674 0.010934 0.030363
0 0.500873 0.978667 0.009429 0.038893
0 0.805821 0.452559 0.009520 0.026315
0 0.319710 0.817909 0.012815 0.036783
0 0.530618 0.050625 0.010534 0.034548
0 0.939994 0.724911 0.009437 0.031387
