0 0.590398 0.260360 0.010490 0.035505
0 0.585658 0.044552 0.009046 0.039924
0 0.601826 0.197071 0.009056 0.033320
0 0.583097 0.733648 0.020444 0.093597
0 0.015683 0.485872 0.029805 0.072859
0 0.576342 0.530273 0.009468 0.028454
0 0.785880 0.459675 0.008773 0.031212
0 0.559705 0.243038 0.010692 0.033470
0 0.568722 0.333703 0.012343 0.027723
0 0.501812 0.901472 0.007824 0.031142
0 0.786429 0.455800 0.007850 0.023009
0 0.243126 0.130891 0.011700 0.033633
0 0.037767 0.019475 0.010371 0.035231
0 0.040132 0.020043 0.009305 0.035373
0 0.311792 0.847715 0.009791 0.037063
0 0.314378 0.775755 0.012704 0.035794
