0 0.545978 0.342048 0.011911 0.027208
0 0.546838 0.979301 0.009463 0.038850
0 0.163501 0.131296 0.011099 0.031241
0 0.790256 0.462092 0.007981 0.025825
0 0.392912 0.256699 0.008908 0.025979
0 0.514093 0.951456 0.007603 0.024501
0 0.625446 0.611732 0.008172 0.029091
0 0.308902 0.841201 0.009432 0.027333
0 0.682430 0.676451 0.013694 0.070925
0 0.008224 0.490526 0.010000 0.030860
0 0.309406 0.850242 0.010939 0.045756
0 0.045030 0.034439 0.007352 0.030031
0 0.243646 0.141991 0.010020 0.030295
0 0.546059 0.347556 0.012752 0.037957
0 0.671901 0.413737 0.011406 0.024312
0 0.020000 0.032659 0.010335 0.047911
