0 0.506359 0.395996 0.023205 0.083009
0 0.592891 0.810099 0.008998 0.035488
0 0.784541 0.460916 0.010593 0.030386
0 0.311702 0.850108 0.009896 0.042821
0 0.615715 0.016131 0.014037 0.032262
0 0.362618 0.540528 0.010721 0.032291
0 0.501253 0.901975 0.008078 0.032102
0 0.802071 0.455094 0.007330 0.028697
0 0.313998 0.775847 0.012168 0.035262
0 0.524641 0.075528 0.007841 0.035203
0 0.660361 0.048340 0.022021 0.057645
0 0.338302 0.583528 0.017122 0.031646
0 0.689576 0.042816 0.012677 0.061381
0 0.367374 0.570057 0.022807 0.090834
