0 0.162821 0.130152 0.011374 0.030178
0 0.502719 0.403502 0.007794 0.033787
0 0.582782 0.376154 0.008787 0.029880
0 0.602595 0.279253 0.009782 0.029649
0 0.452530 0.666018 0.010020 0.033319
0 0.284007 0.649428 0.016629 0.046718
0 0.007646 0.491392 0.009285 0.031750
0 0.083817 0.448163 0.010626 0.020891
0 0.309735 0.848097 0.010882 0.048329
0 0.795083 0.934320 0.010209 0.033154
0 0.540718 0.369257 0.009262 0.028376
0 0.255737 0.561986 0.010428 0.026803
0 0.797325 0.934496 0.014004 0.033914
0 0.006493 0.150615 0.012832 0.081229
0 0.434625 0.273693 0.010355 0.032194
0 0.663960 0.871936 0.011819 0.035368
