0 0.690676 0.677254 0.015757 0.080523
0 0.855538 0.589153 0.009245 0.019821
0 0.585556 0.373040 0.009531 0.027327
0 0.607707 0.123223 0.008917 0.029473
0 0.311729 0.849162 0.009534 0.038533
0 0.573870 0.754606 0.010995 0.022502
0 0.552551 0.419745 0.009833 0.028043
0 0.314613 0.774918 0.012796 0.036329
0 0.311978 0.855712 0.010400 0.052650
0 0.621416 0.617206 0.015639 0.051782
0 0.924281 0.979370 0.016527 0.039434
0 0.492926 0.057469 0.008774 0.038736
0 0.038040 0.023567 0.013031 0.035412
0 0.006053 0.492326 0.009699 0.031732
0 0.003789 0.155979 0.007491 0.068080
0 0.639229 0.025228 0.009099 0.032251
