0 0.502660 0.561452 0.024847 0.083631
0 0.553719 0.298112 0.008904 0.029275
0 0.557422 0.963807 0.014024 0.067557
0 0.311141 0.841122 0.009115 0.026958
0 0.639103 0.513664 0.007896 0.020507
0 0.612424 0.616991 0.009840 0.032046
0 0.636851 0.650621 0.019417 0.057689
0 0.455436 0.732765 0.010263 0.032543
0 0.551020 0.572195 0.021311 0.085120
0 0.310398 0.845793 0.009056 0.036255
0 0.316194 0.810455 0.010848 0.032844
0 0.466529 0.779979 0.013624 0.051112
0 0.314241 0.774604 0.013796 0.036532
0 0.643392 0.515643 0.008775 0.020315
0 0.311293 0.853109 0.010339 0.052031
0 0.153599 0.085513 0.008901 0.030620
0 0.336949 0.939743 0.015581 0.058142
