0 0.568994 0.092175 0.008116 0.037360
0 0.585501 0.094339 0.009117 0.035973
0 0.606512 0.195245 0.009981 0.034472
0 0.805512 0.453548 0.008653 0.028242
0 0.315052 0.781394 0.010699 0.036247
0 0.277254 0.152385 0.008324 0.022274
0 0.788944 0.458201 0.010594 0.032481
0 0.442236 0.116471 0.008673 0.030755
0 0.594445 0.208057 0.013842 0.025920
0 0.385433 0.498930 0.011470 0.030124
0 0.646463 0.043886 0.011467 0.075301
0 0.709316 0.575632 0.021578 0.079082
0 0.313551 0.850454 0.008723 0.027085
0 0.361145 0.217940 0.011409 0.024011
0 0.269263 0.142943 0.009719 0.028163
0 0.699864 0.656308 0.012552 0.039284
0 0.523232 0.813753 0.010552 0.031443
