0 0.567451 0.197543 0.010706 0.038246
0 0.314696 0.780709 0.012969 0.036912
0 0.312645 0.859894 0.011503 0.055202
0 0.322895 0.732228 0.013107 0.034143
0 0.499550 0.980818 0.009558 0.038364
0 0.527631 0.693815 0.008786 0.031013
0 0.819991 0.989790 0.011370 0.020420
0 0.564041 0.506223 0.009040 0.029992
0 0.907104 0.628284 0.014699 0.028417
0 0.392731 0.268639 0.019168 0.046428
0 0.284421 0.147895 0.010427 0.024978
0 0.543227 0.174505 0.012711 0.035634
0 0.277331 0.136926 0.010383 0.047830
0 0.351628 0.185582 0.010287 0.024292
