0 0.581817 0.500034 0.009003 0.031608
0 0.314312 0.780328 0.011964 0.037295
0 0.600556 0.258355 0.009120 0.036186
0 0.819408 0.989495 0.012551 0.021011
0 0.617179 0.018340 0.009085 0.031785
0 0.515034 0.192390 0.008271 0.031070
0 0.538106 0.948246 0.008827 0.028237
0 0.313438 0.859597 0.011482 0.052651
0 0.510110 0.287603 0.009188 0.035633
0 0.646283 0.026553 0.008229 0.040926
0 0.486906 0.188381 0.011329 0.027862
0 0.504919 0.134581 0.007613 0.031042
0 0.313172 0.851678 0.010021 0.037156
0 0.479688 0.535619 0.009378 0.025782
0 0.646740 0.033664 0.009630 0.054308
0 0.543332 0.174484 0.013311 0.036114
0 0.574071 0.019194 0.009664 0.031843
