0 0.619791 0.527430 0.021443 0.088936
0 0.555225 0.571156 0.011074 0.029805
0 0.007735 0.488958 0.008882 0.032568
0 0.309633 0.849710 0.011636 0.051146
0 0.309235 0.840073 0.010132 0.032221
0 0.684234 0.661599 0.012296 0.046820
0 0.500187 0.439278 0.008958 0.026883
0 0.150316 0.090617 0.007919 0.032590
0 0.457351 0.434634 0.017039 0.028322
0 0.044221 0.031164 0.007597 0.029680
0 0.460205 0.459511 0.023244 0.077741
0 0.377934 0.359796 0.027038 0.084111
0 0.684877 0.656270 0.011235 0.035475
0 0.791078 0.460233 0.006833 0.025907
0 0.152926 0.092349 0.008830 0.031625
0 0.545578 0.286186 0.021012 0.049117
