0 0.613589 0.040520 0.009461 0.033517
0 0.586981 0.238783 0.007643 0.029515
0 0.313769 0.857435 0.011167 0.050568
0 0.578888 0.111661 0.009114 0.035378
0 0.226613 0.250888 0.025779 0.079997
0 0.610962 0.207021 0.009244 0.031565
0 0.786836 0.456816 0.009648 0.032103
0 0.501456 0.039708 0.010398 0.032092
0 0.803772 0.452591 0.008096 0.027076
0 0.569780 0.162390 0.009932 0.031596
0 0.643802 0.030215 0.008034 0.045435
0 0.554141 0.441653 0.011813 0.023116
0 0.315056 0.777836 0.011693 0.035659
0 0.013378 0.054632 0.022287 0.025533
