0 0.581558 0.535488 0.009415 0.031188
0 0.588627 0.629301 0.010145 0.023294
0 0.607154 0.582130 0.009968 0.033662
0 0.164701 0.130122 0.012838 0.029695
0 0.547695 0.546161 0.012987 0.026335
0 0.524873 0.399767 0.009521 0.028189
0 0.190138 0.549534 0.013146 0.037443
0 0.224567 0.299976 0.027742 0.093995
0 0.663914 0.874846 0.012478 0.038242
0 0.008326 0.491584 0.009961 0.031176
0 0.520503 0.965068 0.009171 0.035703
0 0.678294 0.881508 0.009271 0.034291
0 0.569081 0.855713 0.013479 0.047871
0 0.580127 0.837313 0.021145 0.087647
0 0.790969 0.461012 0.008354 0.025604
0 0.315844 0.192350 0.012575 0.028605
0 0.154417 0.518510 0.007644 0.020782
0 0.190950 0.554048 0.015668 0.045958
0 0.102538 0.571284 0.009442 0.021333
0 0.309933 0.850890 0.011129 0.048239
0 0.666657 0.449453 0.016882 0.023366
0 0.695707 0.851863 0.015160 0.042776
