0 0.835455 0.952243 0.019650 0.074701
0 0.522557 0.672956 0.009497 0.030528
0 0.508299 0.663691 0.009933 0.032998
0 0.314465 0.775555 0.013334 0.035882
0 0.311876 0.845706 0.009857 0.032893
0 0.557380 0.964979 0.013879 0.066232
0 0.049207 0.024898 0.008064 0.032915
0 0.535835 0.421349 0.014306 0.030530
0 0.037058 0.022140 0.007039 0.030975
0 0.044575 0.025406 0.008334 0.035232
0 0.915981 0.900246 0.025553 0.089036
0 0.017889 0.014211 0.010659 0.025407
0 0.311698 0.851225 0.010838 0.044795
0 0.041898 0.027999 0.007646 0.029911
0 0.670161 0.875027 0.013435 0.038366
0 0.291126 0.840597 0.008272 0.017222
