0 0.525488 0.439124 0.014300 0.033155
0 0.545567 0.983679 0.010544 0.031997
0 0.512314 0.809981 0.010105 0.037158
0 0.458023 0.464562 0.013891 0.033913
0 0.642325 0.574852 0.011082 0.038639
0 0.314050 0.850170 0.009514 0.030853
0 0.315535 0.780145 0.010803 0.035545
0 0.589938 0.471784 0.009717 0.032376
0 0.806149 0.454021 0.008797 0.020598
0 0.543503 0.172403 0.012261 0.036107
0 0.501303 0.979506 0.008598 0.036547
0 0.240825 0.129210 0.010041 0.035922
0 0.790262 0.456859 0.009557 0.030342
0 0.323855 0.732867 0.012410 0.035110
