0 0.606399 0.175232 0.008347 0.034247
0 0.507361 0.780000 0.009620 0.032803
0 0.463408 0.524776 0.008457 0.030293
0 0.420613 0.524728 0.007538 0.017213
0 0.006874 0.490792 0.009646 0.032746
0 0.161725 0.128989 0.009417 0.027955
0 0.314061 0.193166 0.014122 0.029498
0 0.309659 0.850874 0.011183 0.051409
0 0.309275 0.841124 0.010257 0.031677
0 0.042420 0.036672 0.007864 0.025175
0 0.794976 0.931741 0.009600 0.030529
0 0.797283 0.932790 0.014118 0.033433
0 0.358911 0.070938 0.007526 0.034311
0 0.147016 0.088905 0.007586 0.027910
