0 0.507261 0.418987 0.021010 0.075573
0 0.471756 0.098272 0.010565 0.030121
0 0.586410 0.425229 0.009178 0.028135
0 0.164737 0.135845 0.014934 0.040865
0 0.625359 0.367565 0.011250 0.029169
0 0.600843 0.430570 0.013006 0.031690
0 0.551646 0.808136 0.014462 0.075997
0 0.625800 0.370552 0.009853 0.023356
0 0.316042 0.191967 0.012755 0.029012
0 0.605175 0.812198 0.011617 0.033824
0 0.706421 0.946625 0.009409 0.034487
0 0.791596 0.460181 0.008560 0.025146
0 0.643503 0.415360 0.010884 0.031678
0 0.463141 0.783246 0.014717 0.058668
0 0.309980 0.851729 0.010514 0.048489
0 0.138767 0.087683 0.008293 0.033383
0 0.624262 0.363680 0.010322 0.027263
0 0.102467 0.570912 0.009737 0.021374
