0 0.566962 0.617001 0.009970 0.031794
0 0.570944 0.026722 0.010580 0.032345
0 0.163502 0.129927 0.012123 0.032420
0 0.587607 0.600136 0.014018 0.025310
0 0.614887 0.019168 0.013327 0.038336
0 0.517743 0.693814 0.010459 0.033354
0 0.626313 0.596039 0.009155 0.033586
0 0.587223 0.608863 0.015689 0.043364
0 0.789864 0.462755 0.008414 0.027157
0 0.534955 0.311152 0.015177 0.026712
0 0.674175 0.407807 0.019486 0.040875
0 0.309501 0.850568 0.012217 0.050497
0 0.045006 0.032249 0.007187 0.030010
0 0.243495 0.139987 0.010540 0.032633
0 0.309249 0.841598 0.011138 0.032601
0 0.150551 0.089354 0.007391 0.028539
