0 0.535269 0.982704 0.009344 0.034591
0 0.682272 0.675362 0.015922 0.076050
0 0.563714 0.777262 0.017742 0.097138
0 0.315672 0.193579 0.011998 0.026907
0 0.593047 0.564767 0.022843 0.095992
0 0.560856 0.744844 0.011182 0.029428
0 0.150223 0.089951 0.007763 0.032084
0 0.044674 0.034650 0.007391 0.030306
0 0.288148 0.753948 0.008553 0.030673
0 0.685453 0.655042 0.009741 0.037493
0 0.243235 0.142610 0.009534 0.029181
0 0.800296 0.961308 0.022651 0.070277
0 0.684356 0.666832 0.010594 0.057576
0 0.570126 0.467593 0.008631 0.025662
0 0.019624 0.036379 0.010385 0.054327
