0 0.573705 0.748416 0.021934 0.093303
0 0.599367 0.189634 0.008998 0.036243
0 0.572137 0.107709 0.008774 0.038309
0 0.785216 0.460425 0.010026 0.032265
0 0.583841 0.285433 0.010852 0.030141
0 0.583830 0.612009 0.010430 0.030374
0 0.501592 0.901991 0.008348 0.032372
0 0.599062 0.760023 0.014969 0.072059
0 0.539959 0.042635 0.008423 0.030485
0 0.572275 0.202725 0.008819 0.031200
0 0.801916 0.454820 0.006499 0.026843
0 0.599809 0.036219 0.016979 0.072437
0 0.693493 0.673541 0.015013 0.073267
0 0.313538 0.776191 0.012472 0.035486
0 0.552157 0.199657 0.009405 0.044508
0 0.797613 0.458837 0.005783 0.019608
