0 0.315094 0.778581 0.011025 0.036786
0 0.313340 0.848780 0.008821 0.030790
0 0.444858 0.107120 0.012325 0.026696
0 0.683474 0.858731 0.008253 0.025632
0 0.512062 0.206470 0.009237 0.033112
0 0.516917 0.973419 0.014470 0.052397
0 0.499821 0.979377 0.010196 0.037550
0 0.805875 0.453263 0.007739 0.024651
0 0.302561 0.854722 0.009292 0.028916
0 0.556792 0.090692 0.012450 0.034415
0 0.277860 0.151610 0.008293 0.020980
0 0.242475 0.131308 0.009396 0.031684
0 0.645416 0.027369 0.008096 0.039671
0 0.421432 0.294453 0.013473 0.032656
