0 0.570661 0.612557 0.012123 0.030072
0 0.536635 0.641352 0.010288 0.033237
0 0.314236 0.776778 0.012150 0.036452
0 0.649271 0.307126 0.008967 0.028994
0 0.594737 0.216095 0.008826 0.032517
0 0.518789 0.652889 0.009037 0.036430
0 0.649957 0.312738 0.011061 0.043006
0 0.782409 0.460398 0.010099 0.030912
0 0.467245 0.783481 0.012397 0.048927
0 0.311825 0.847244 0.009145 0.032947
0 0.442769 0.163053 0.014599 0.028213
0 0.311982 0.852703 0.010483 0.045209
0 0.037837 0.025016 0.010587 0.034144
0 0.005701 0.491768 0.009701 0.029258
0 0.630891 0.079940 0.007012 0.019205
0 0.040936 0.027611 0.009312 0.032065
0 0.691775 0.673845 0.012047 0.064394
