0 0.601860 0.602728 0.020834 0.074005
0 0.513123 0.176819 0.009066 0.033650
0 0.164588 0.126251 0.013498 0.031755
0 0.555577 0.569883 0.011756 0.029797
0 0.592484 0.338801 0.015190 0.086060
0 0.790587 0.460369 0.007883 0.025150
0 0.309981 0.850279 0.012509 0.055213
0 0.045019 0.031548 0.007377 0.028577
0 0.314705 0.805776 0.010257 0.029270
0 0.589562 0.311538 0.008304 0.029674
0 0.008168 0.487888 0.010010 0.032647
0 0.223478 0.156937 0.019592 0.030377
0 0.534655 0.185778 0.013098 0.032835
0 0.153925 0.092999 0.012574 0.030246
0 0.258097 0.695387 0.008078 0.027149
