0 0.543948 0.981133 0.008566 0.034092
0 0.619914 0.543774 0.024992 0.080326
0 0.589224 0.072438 0.009967 0.030310
0 0.600504 0.273493 0.010923 0.032114
0 0.572406 0.112968 0.009173 0.033804
0 0.781063 0.941020 0.009022 0.033587
0 0.310472 0.850007 0.010835 0.054053
0 0.310139 0.839803 0.009784 0.033476
0 0.744085 0.519457 0.011450 0.020472
0 0.164174 0.128804 0.011789 0.030369
0 0.529716 0.973806 0.010906 0.049004
0 0.517521 0.799792 0.011204 0.032981
0 0.150160 0.089040 0.006702 0.027476
0 0.791648 0.458623 0.007703 0.028776
0 0.676996 0.410405 0.020071 0.028106
0 0.789294 0.914598 0.012842 0.031067
0 0.678933 0.880837 0.009200 0.028358
