0 0.558110 0.299633 0.011524 0.035424
0 0.558387 0.404816 0.009378 0.039180
0 0.520624 0.840238 0.008951 0.031952
0 0.491583 0.521724 0.008437 0.038728
0 0.785036 0.956588 0.012061 0.035077
0 0.170062 0.134004 0.014712 0.028100
0 0.315629 0.194198 0.012633 0.027710
0 0.424563 0.270596 0.008569 0.029448
0 0.539577 0.758280 0.017273 0.081672
0 0.008389 0.492711 0.008288 0.032072
0 0.506871 0.298789 0.008590 0.033192
0 0.462974 0.782367 0.014386 0.050097
0 0.356084 0.142114 0.016664 0.047787
0 0.141462 0.091140 0.006672 0.030819
0 0.790917 0.460963 0.008276 0.025628
0 0.286254 0.755627 0.011586 0.031531
