0 0.314390 0.780357 0.012105 0.037165
0 0.643936 0.400900 0.012413 0.032157
0 0.501404 0.616041 0.018721 0.062934
0 0.554963 0.321855 0.009987 0.037285
0 0.313571 0.861967 0.011962 0.055660
0 0.470070 0.557345 0.010380 0.032681
0 0.515263 0.113605 0.009579 0.036593
0 0.486376 0.499011 0.014288 0.031191
0 0.699253 0.657222 0.011996 0.037689
0 0.317677 0.817016 0.009326 0.036098
0 0.582346 0.630254 0.010147 0.032019
0 0.593755 0.671592 0.008154 0.029549
0 0.529602 0.776766 0.008328 0.032028
0 0.322529 0.731088 0.011977 0.033592
0 0.814797 0.967525 0.009189 0.032346
0 0.815094 0.974611 0.012555 0.046984
0 0.392188 0.688981 0.007235 0.018720
