0 0.504175 0.136364 0.008558 0.033547
0 0.163403 0.131066 0.010982 0.030256
0 0.544656 0.346622 0.012802 0.032237
0 0.625263 0.622566 0.009771 0.057172
0 0.598204 0.652186 0.011710 0.035524
0 0.810501 0.878945 0.016945 0.028693
0 0.682213 0.677654 0.013470 0.068856
0 0.788984 0.462425 0.009777 0.028535
0 0.309209 0.843900 0.010190 0.034375
0 0.309433 0.849815 0.011084 0.046386
0 0.151967 0.094938 0.011258 0.032854
0 0.532007 0.317128 0.015417 0.035043
0 0.150723 0.091985 0.008494 0.030819
0 0.045770 0.034526 0.006572 0.030627
0 0.135360 0.622166 0.009111 0.026639
0 0.019018 0.033977 0.009143 0.045624
