0 0.570350 0.084437 0.007832 0.037186
0 0.574178 0.354344 0.008780 0.030915
0 0.315324 0.777737 0.011038 0.036482
0 0.313545 0.848509 0.009817 0.033982
0 0.870664 0.542790 0.009168 0.032107
0 0.868283 0.542984 0.013781 0.032865
0 0.646383 0.035096 0.010304 0.059506
0 0.497871 0.978755 0.012700 0.039779
0 0.495101 0.827923 0.007737 0.028638
0 0.313809 0.854863 0.010791 0.047430
0 0.684120 0.861828 0.009998 0.034874
0 0.805609 0.453829 0.008298 0.026524
0 0.278425 0.151764 0.007566 0.021383
0 0.461091 0.457702 0.009703 0.030198
0 0.687712 0.583558 0.024330 0.069326
0 0.696979 0.675850 0.015664 0.072245
0 0.910198 0.991497 0.010573 0.017006
