0 0.538880 0.575547 0.014649 0.052308
0 0.527027 0.927561 0.008804 0.028967
0 0.555481 0.573236 0.011452 0.031141
0 0.011757 0.185807 0.023203 0.077057
0 0.583870 0.177841 0.008559 0.031686
0 0.722342 0.608431 0.020442 0.081735
0 0.508464 0.808272 0.008723 0.031993
0 0.345123 0.202261 0.010087 0.028673
0 0.511067 0.914444 0.009453 0.032739
0 0.464484 0.042622 0.010006 0.032365
0 0.309863 0.853716 0.012016 0.054109
0 0.594273 0.545855 0.011745 0.030598
0 0.596710 0.573072 0.015739 0.083519
0 0.790846 0.461066 0.009019 0.026487
0 0.685715 0.656538 0.009377 0.035948
0 0.096014 0.142998 0.016046 0.022130
0 0.150262 0.091790 0.007586 0.033379
0 0.007471 0.490495 0.009809 0.030974
0 0.534527 0.186651 0.012570 0.034731
0 0.151853 0.094283 0.009550 0.031800
