0 0.554655 0.775226 0.016782 0.101716
0 0.486894 0.436915 0.010739 0.037825
0 0.313037 0.771572 0.012500 0.036081
0 0.315727 0.806241 0.010906 0.030424
0 0.555310 0.963150 0.013397 0.066427
0 0.605591 0.524116 0.021181 0.081055
0 0.686420 0.673713 0.018064 0.085237
0 0.256289 0.093782 0.006031 0.020104
0 0.795446 0.456154 0.007909 0.027727
0 0.102089 0.023795 0.011877 0.036002
0 0.311188 0.839925 0.011316 0.028697
0 0.311406 0.850706 0.012127 0.050253
0 0.038296 0.022927 0.008185 0.035004
0 0.007122 0.489075 0.008357 0.033436
0 0.465338 0.771571 0.016677 0.062199
0 0.154458 0.088933 0.007189 0.032699
