0 0.539866 0.985292 0.010000 0.029416
0 0.457508 0.127614 0.009925 0.031240
0 0.505793 0.360730 0.010270 0.031984
0 0.628322 0.599472 0.009709 0.033227
0 0.277348 0.151268 0.008490 0.022838
0 0.499460 0.979640 0.009521 0.039217
0 0.805575 0.453492 0.008991 0.024724
0 0.313140 0.850357 0.008386 0.027317
0 0.315099 0.780605 0.011343 0.036207
0 0.520281 0.119787 0.010558 0.032725
0 0.681744 0.912808 0.008713 0.021713
0 0.683897 0.861651 0.008392 0.032324
0 0.496507 0.123125 0.011031 0.035670
0 0.441086 0.118288 0.009874 0.024442
0 0.205574 0.184505 0.009491 0.017479
0 0.203493 0.144887 0.016587 0.040960
