0 0.575896 0.290011 0.008124 0.036529
0 0.642021 0.392920 0.012151 0.026787
0 0.404705 0.769329 0.023016 0.059064
0 0.162768 0.127607 0.012325 0.030988
0 0.599148 0.221156 0.008728 0.034733
0 0.519119 0.380438 0.014906 0.033706
0 0.102577 0.026842 0.011719 0.033407
0 0.624388 0.574847 0.008331 0.031487
0 0.790983 0.455710 0.006592 0.025556
0 0.772945 0.488711 0.010875 0.026761
0 0.784766 0.948957 0.010209 0.033405
0 0.458516 0.387944 0.009181 0.029674
0 0.520826 0.409788 0.018432 0.092641
0 0.709501 0.840594 0.006011 0.017988
0 0.533579 0.767347 0.011837 0.029982
0 0.789294 0.458843 0.008497 0.022610
0 0.310164 0.848795 0.011215 0.054237
0 0.457882 0.504597 0.008260 0.027039
0 0.007925 0.489320 0.009627 0.032709
0 0.309829 0.840286 0.010304 0.036969
0 0.962282 0.565327 0.008552 0.050771
0 0.535644 0.741133 0.012560 0.036655
