0 0.510015 0.057271 0.008201 0.030831
0 0.511211 0.756010 0.009034 0.033181
0 0.163218 0.129835 0.011353 0.028746
0 0.150154 0.091421 0.007246 0.029578
0 0.684520 0.655394 0.010621 0.036973
0 0.018977 0.034996 0.008888 0.044243
0 0.784073 0.955425 0.011229 0.032627
0 0.472767 0.093846 0.008823 0.026047
0 0.308894 0.843374 0.010342 0.035707
0 0.309203 0.850031 0.011318 0.049098
0 0.314918 0.625853 0.020274 0.052277
0 0.367200 0.274045 0.009237 0.031862
0 0.789792 0.461892 0.010798 0.025911
0 0.794909 0.933041 0.011070 0.034175
