0 0.607082 0.086288 0.008204 0.035103
0 0.378100 0.488583 0.017983 0.071931
0 0.485472 0.440073 0.009495 0.034226
0 0.561722 0.215968 0.009592 0.030241
0 0.508245 0.671427 0.009811 0.035806
0 0.473122 0.401636 0.009179 0.029087
0 0.163156 0.130918 0.011466 0.031398
0 0.790997 0.460231 0.008566 0.024150
0 0.369293 0.485362 0.012148 0.063810
0 0.314817 0.193111 0.012887 0.028592
0 0.299695 0.204827 0.016027 0.047457
0 0.800055 0.932511 0.017735 0.039989
0 0.231174 0.579086 0.012887 0.027437
0 0.785381 0.954232 0.010963 0.034380
0 0.180219 0.267867 0.023969 0.089115
