0 0.314960 0.778999 0.011137 0.037006
0 0.596371 0.168212 0.009626 0.035670
0 0.313215 0.849501 0.008782 0.028972
0 0.640337 0.369311 0.009448 0.031035
0 0.617717 0.030246 0.008917 0.036237
0 0.543886 0.324025 0.010118 0.031516
0 0.318400 0.816613 0.009222 0.035251
0 0.313484 0.856123 0.009963 0.043538
0 0.640912 0.613917 0.010904 0.036710
0 0.628210 0.270188 0.009919 0.036959
0 0.521435 0.287234 0.007392 0.038743
0 0.647482 0.025836 0.010678 0.045095
0 0.313688 0.863010 0.011302 0.054390
0 0.474196 0.146788 0.009949 0.014643
