0 0.429165 0.639159 0.018778 0.098421
0 0.317433 0.188122 0.011660 0.028991
0 0.544911 0.875572 0.009026 0.030539
0 0.526454 0.818814 0.008053 0.029620
0 0.567697 0.704522 0.019144 0.101992
0 0.243919 0.139232 0.009702 0.032395
0 0.652946 0.058621 0.022265 0.055707
0 0.237331 0.604279 0.015449 0.038523
0 0.310124 0.838261 0.009290 0.030975
0 0.586961 0.635571 0.012109 0.027855
0 0.573221 0.293136 0.007220 0.025604
0 0.590815 0.156030 0.008587 0.030449
0 0.310143 0.844502 0.010457 0.043467
0 0.424398 0.606477 0.011086 0.035067
0 0.544914 0.882004 0.009495 0.044024
