0 0.322953 0.180458 0.009181 0.029090
0 0.163431 0.129650 0.011652 0.030930
0 0.016752 0.165400 0.025062 0.087069
0 0.578286 0.594929 0.008874 0.032746
0 0.534801 0.507695 0.009352 0.027362
0 0.650590 0.698893 0.012483 0.027715
0 0.309387 0.841572 0.010810 0.032612
0 0.636294 0.586200 0.008955 0.037888
0 0.018825 0.032178 0.008530 0.046772
0 0.547713 0.331783 0.007198 0.022536
0 0.516465 0.477068 0.010489 0.032008
0 0.019106 0.025450 0.009963 0.038098
0 0.582722 0.111209 0.008350 0.033740
0 0.309535 0.846973 0.011643 0.043562
0 0.487932 0.576784 0.007393 0.027976
0 0.509525 0.314911 0.011849 0.031265
0 0.791200 0.460295 0.007178 0.026369
0 0.151992 0.092915 0.011520 0.032202
0 0.219459 0.536048 0.008513 0.016548
0 0.258132 0.696670 0.007980 0.024767
0 0.636370 0.577775 0.008258 0.020632
