0 0.631354 0.333205 0.009018 0.030480
0 0.313836 0.778365 0.012530 0.036018
0 0.598204 0.610239 0.012443 0.030412
0 0.312373 0.854794 0.011314 0.048147
0 0.542961 0.489766 0.017975 0.080684
0 0.684866 0.864499 0.013469 0.040131
0 0.279117 0.154781 0.010702 0.027729
0 0.444614 0.103820 0.010629 0.027146
0 0.540169 0.462554 0.012173 0.028599
0 0.621315 0.603042 0.008866 0.031601
0 0.371744 0.451716 0.011353 0.033070
0 0.636694 0.631454 0.013010 0.032041
0 0.615264 0.638097 0.013140 0.029628
0 0.111027 0.188940 0.020700 0.074367
0 0.316097 0.815330 0.010849 0.036063
