0 0.625122 0.619499 0.014777 0.065295
0 0.616390 0.136412 0.008965 0.038069
0 0.456981 0.643044 0.008102 0.022743
0 0.788539 0.456826 0.008584 0.026319
0 0.510609 0.908792 0.012760 0.038250
0 0.592740 0.155143 0.006769 0.018068
0 0.386008 0.259787 0.013171 0.034166
0 0.365572 0.664319 0.010083 0.035007
0 0.543151 0.986389 0.010769 0.027223
0 0.314230 0.805707 0.009560 0.028004
0 0.311240 0.771823 0.012693 0.035008
0 0.309687 0.851296 0.011220 0.050353
0 0.309130 0.841568 0.009626 0.030171
0 0.317789 0.637859 0.011379 0.028071
0 0.469449 0.634027 0.008161 0.029045
0 0.581384 0.557735 0.020731 0.087972
