0 0.541133 0.355526 0.010709 0.033456
0 0.497615 0.379912 0.008506 0.030934
0 0.499019 0.305321 0.008672 0.027659
0 0.796958 0.455060 0.007619 0.029480
0 0.688829 0.676401 0.015678 0.072370
0 0.512598 0.390348 0.008720 0.029229
0 0.496375 0.816795 0.009154 0.033910
0 0.311158 0.841564 0.009323 0.027527
0 0.465546 0.775508 0.013648 0.055969
0 0.314459 0.775625 0.015255 0.036715
0 0.845704 0.936895 0.012609 0.027590
0 0.475590 0.381281 0.010646 0.031538
0 0.690501 0.656520 0.012500 0.035798
0 0.041482 0.028285 0.007132 0.030532
