0 0.602109 0.322193 0.010276 0.033601
0 0.383309 0.767975 0.012772 0.040630
0 0.630264 0.400205 0.008468 0.033357
0 0.011294 0.077370 0.022389 0.098496
0 0.362089 0.480350 0.013052 0.032379
0 0.317816 0.817714 0.009954 0.035187
0 0.381266 0.756530 0.008577 0.020298
0 0.405672 0.780911 0.010312 0.041117
0 0.323229 0.732242 0.012401 0.033269
0 0.314927 0.781135 0.011569 0.036986
0 0.648024 0.040983 0.011417 0.070180
0 0.312725 0.851674 0.010939 0.028992
0 0.646427 0.024851 0.007874 0.037784
0 0.370893 0.775173 0.008385 0.017482
