0 0.313965 0.775176 0.011913 0.036238
0 0.583689 0.255426 0.009523 0.036686
0 0.509167 0.658429 0.009881 0.032074
0 0.523045 0.665577 0.009565 0.028155
0 0.561037 0.236572 0.010313 0.032053
0 0.311849 0.842563 0.009566 0.026788
0 0.497362 0.818971 0.009995 0.032216
0 0.007017 0.491313 0.008663 0.032242
0 0.038352 0.023687 0.008805 0.034142
0 0.040270 0.025376 0.010706 0.033519
0 0.500523 0.464940 0.023257 0.087872
0 0.680116 0.431795 0.008421 0.046113
0 0.557409 0.964326 0.013656 0.067491
0 0.678952 0.429013 0.011319 0.052364
