0 0.789518 0.458606 0.008805 0.027989
0 0.315190 0.779540 0.011164 0.036311
0 0.486886 0.511149 0.008509 0.032638
0 0.700800 0.655918 0.010737 0.037663
0 0.538467 0.587888 0.009544 0.028100
0 0.501166 0.980121 0.009087 0.037217
0 0.313999 0.857593 0.010857 0.047865
0 0.318514 0.814839 0.008406 0.030692
0 0.527666 0.563527 0.009303 0.032620
0 0.313800 0.850219 0.009942 0.032442
0 0.534550 0.985889 0.010682 0.028222
0 0.646853 0.023746 0.008302 0.040488
0 0.674634 0.406607 0.011727 0.025371
0 0.609148 0.353018 0.009615 0.029262
0 0.323692 0.730678 0.011886 0.033681
0 0.242024 0.130885 0.009016 0.032013
