0 0.625988 0.209884 0.009538 0.040013
0 0.579490 0.378142 0.008922 0.034225
0 0.501149 0.980754 0.009599 0.037238
0 0.549766 0.548976 0.009289 0.034133
0 0.315045 0.780298 0.009822 0.035845
0 0.700729 0.673568 0.011592 0.066195
0 0.569300 0.442719 0.009963 0.038337
0 0.546274 0.312220 0.009374 0.031711
0 0.314338 0.860256 0.011769 0.048933
0 0.318280 0.816219 0.009215 0.034340
0 0.323903 0.732395 0.012070 0.034267
0 0.807981 0.453001 0.007594 0.026009
0 0.453892 0.711225 0.005660 0.013962
0 0.301941 0.861422 0.010087 0.037263
0 0.243522 0.128982 0.011471 0.034085
