0 0.603617 0.164112 0.009054 0.031149
0 0.540694 0.345947 0.008987 0.031363
0 0.617515 0.624060 0.019394 0.077382
0 0.592418 0.103352 0.008303 0.021335
0 0.523371 0.362999 0.011103 0.027691
0 0.312408 0.853019 0.009149 0.041493
0 0.314493 0.779076 0.011373 0.035184
0 0.802842 0.454027 0.008483 0.028286
0 0.786259 0.459793 0.008422 0.030235
0 0.615730 0.598983 0.014097 0.029866
0 0.098551 0.028455 0.012029 0.051248
0 0.697487 0.656065 0.011384 0.036204
0 0.027327 0.024265 0.008727 0.031433
0 0.849359 0.961627 0.014134 0.025347
