0 0.314955 0.778959 0.011210 0.036381
0 0.458896 0.197121 0.009391 0.041729
0 0.630632 0.613015 0.009686 0.035265
0 0.743414 0.566446 0.019512 0.043298
0 0.313264 0.848736 0.009097 0.028403
0 0.645522 0.026821 0.008621 0.041602
0 0.318647 0.816116 0.009637 0.033996
0 0.278941 0.209330 0.010023 0.032655
0 0.277507 0.150694 0.008505 0.022963
0 0.271493 0.552834 0.014253 0.029953
0 0.684203 0.862460 0.009789 0.035225
0 0.588230 0.296856 0.010930 0.022583
0 0.513051 0.984100 0.009301 0.031800
0 0.805590 0.452235 0.008197 0.024144
0 0.503660 0.867605 0.008911 0.029184
