0 0.487162 0.164705 0.008962 0.035922
0 0.651740 0.708926 0.009957 0.027948
0 0.444611 0.659592 0.008620 0.029663
0 0.314833 0.778589 0.010991 0.037165
0 0.406313 0.779317 0.010571 0.040317
0 0.128634 0.191138 0.025058 0.077453
0 0.683737 0.861305 0.008905 0.031912
0 0.313044 0.848957 0.008648 0.028659
0 0.512473 0.058199 0.009635 0.030698
0 0.277708 0.151020 0.008586 0.022061
0 0.805754 0.453464 0.008069 0.025324
0 0.529133 0.386987 0.009165 0.030621
0 0.639515 0.334250 0.011102 0.031522
0 0.665374 0.908889 0.009996 0.028067
0 0.444961 0.655269 0.009861 0.037269
0 0.470780 0.781123 0.013467 0.059508
0 0.794649 0.418804 0.008670 0.019679
0 0.318714 0.816417 0.010749 0.033628
0 0.645424 0.026796 0.008142 0.040188
