0 0.469388 0.268107 0.009319 0.033600
0 0.791621 0.460673 0.007941 0.025507
0 0.501579 0.684469 0.009219 0.031737
0 0.310491 0.853624 0.010262 0.055959
0 0.141410 0.091398 0.007108 0.028770
0 0.652883 0.059667 0.022051 0.055114
0 0.009215 0.492329 0.011482 0.032065
0 0.313248 0.775187 0.012946 0.036148
0 0.410988 0.738197 0.021045 0.079137
0 0.564763 0.397811 0.009000 0.027972
0 0.165709 0.130325 0.009647 0.020366
0 0.044536 0.034723 0.007804 0.031009
0 0.019002 0.036499 0.008881 0.046607
0 0.641878 0.223765 0.009006 0.025294
