0 0.570385 0.546988 0.010169 0.032659
0 0.522916 0.441699 0.009508 0.026262
0 0.558540 0.295609 0.008107 0.030975
0 0.789280 0.460859 0.010310 0.027455
0 0.162181 0.130950 0.011801 0.031220
0 0.365238 0.456248 0.009792 0.028600
0 0.582409 0.573415 0.010401 0.045847
0 0.794941 0.933989 0.009573 0.033085
0 0.308823 0.840409 0.009766 0.030588
0 0.592991 0.588655 0.010957 0.027154
0 0.151478 0.094447 0.012095 0.034266
0 0.622287 0.017965 0.017125 0.035931
0 0.018243 0.036532 0.009657 0.057050
0 0.679675 0.656159 0.009663 0.034527
0 0.581488 0.559993 0.010589 0.028347
