0 0.497707 0.426751 0.009096 0.032675
0 0.587180 0.160062 0.007980 0.028930
0 0.486593 0.498110 0.009922 0.032036
0 0.162331 0.131000 0.011930 0.030403
0 0.549305 0.468766 0.011379 0.032954
0 0.475501 0.489507 0.008462 0.032430
0 0.317007 0.190378 0.011573 0.028925
0 0.594871 0.466874 0.009654 0.031143
0 0.151310 0.094584 0.012486 0.033983
0 0.007352 0.491441 0.009606 0.032482
0 0.684489 0.656867 0.010449 0.034995
0 0.795026 0.937202 0.010567 0.034445
0 0.412753 0.756752 0.018688 0.067275
0 0.309358 0.853585 0.011346 0.056157
0 0.784005 0.955637 0.010861 0.034417
0 0.549725 0.476798 0.012438 0.050695
