0 0.803005 0.959414 0.016285 0.076742
0 0.554775 0.783222 0.014903 0.084831
0 0.318153 0.188105 0.012528 0.032328
0 0.341285 0.277430 0.009858 0.024158
0 0.569435 0.414654 0.010407 0.030028
0 0.309961 0.849759 0.010586 0.055910
0 0.150820 0.091005 0.008069 0.031191
0 0.243544 0.140590 0.009834 0.029889
0 0.684996 0.655614 0.009650 0.032809
0 0.518735 0.362931 0.013256 0.029592
0 0.009062 0.463274 0.013371 0.051466
0 0.288449 0.752338 0.008526 0.030804
0 0.153828 0.093368 0.011294 0.032334
0 0.537815 0.390134 0.011248 0.027051
0 0.045209 0.033516 0.008400 0.027908
