0 0.635769 0.392540 0.011885 0.026639
0 0.556418 0.964846 0.013484 0.064923
0 0.543993 0.305989 0.015899 0.035719
0 0.524711 0.139770 0.008786 0.033411
0 0.311045 0.843986 0.009014 0.029773
0 0.101485 0.025763 0.011824 0.032491
0 0.796083 0.457789 0.008769 0.025557
0 0.937061 0.974709 0.020187 0.044518
0 0.689559 0.670291 0.014224 0.063479
0 0.314111 0.776001 0.014278 0.036077
0 0.039506 0.027948 0.008721 0.032237
0 0.632569 0.625981 0.009524 0.036252
0 0.037498 0.026389 0.007151 0.030858
0 0.041112 0.029789 0.008032 0.030099
0 0.592618 0.461914 0.020741 0.073313
