0 0.507722 0.620920 0.010288 0.029437
0 0.677782 0.426945 0.013562 0.052085
0 0.534547 0.323766 0.012474 0.027744
0 0.313645 0.775106 0.011923 0.035025
0 0.525377 0.620155 0.011494 0.031388
0 0.311416 0.846875 0.010178 0.037945
0 0.549079 0.155315 0.011162 0.032076
0 0.466459 0.780532 0.013837 0.054029
0 0.311567 0.853905 0.011365 0.052039
0 0.640421 0.014671 0.008437 0.029341
0 0.797372 0.456333 0.009304 0.025370
0 0.763338 0.682597 0.010966 0.035710
0 0.036784 0.025049 0.007135 0.034269
0 0.260718 0.141013 0.006436 0.020669
0 0.006481 0.490329 0.009891 0.030090
0 0.337480 0.940743 0.015296 0.056912
0 0.556784 0.944518 0.008313 0.032455
