0 0.585456 0.448783 0.008507 0.029910
0 0.605543 0.490718 0.009492 0.034898
0 0.539946 0.322324 0.010189 0.033745
0 0.164708 0.130534 0.012286 0.029028
0 0.565945 0.500512 0.013602 0.028618
0 0.410061 0.722927 0.021222 0.095621
0 0.673770 0.848386 0.013878 0.045914
0 0.598740 0.295029 0.010616 0.033041
0 0.579790 0.837963 0.021660 0.088858
0 0.564986 0.855237 0.009820 0.049771
0 0.008198 0.491869 0.008710 0.028566
0 0.357399 0.719060 0.030925 0.099723
0 0.189301 0.545582 0.009985 0.030612
0 0.316018 0.193658 0.012774 0.031168
0 0.402041 0.776197 0.011989 0.040863
0 0.790901 0.460818 0.008123 0.025237
0 0.309832 0.846549 0.009836 0.038403
0 0.261348 0.616977 0.010625 0.028904
0 0.785284 0.955652 0.011895 0.033568
0 0.462878 0.781580 0.014609 0.061291
0 0.580615 0.853085 0.019145 0.059158
0 0.566540 0.855638 0.013418 0.052164
0 0.309799 0.853485 0.011186 0.054096
0 0.019231 0.034387 0.009221 0.051837
