0 0.803156 0.952870 0.015705 0.083730
0 0.570449 0.372991 0.008001 0.031832
0 0.256860 0.275386 0.024884 0.092782
0 0.598255 0.141600 0.008813 0.032725
0 0.337093 0.136709 0.008482 0.031488
0 0.572533 0.074101 0.008468 0.035516
0 0.434605 0.584526 0.024652 0.094822
0 0.150914 0.091949 0.008855 0.031615
0 0.342069 0.644405 0.009134 0.031859
0 0.310029 0.839058 0.009222 0.029111
0 0.310444 0.850527 0.010185 0.052537
0 0.260835 0.617288 0.011336 0.030142
0 0.009416 0.488766 0.009818 0.028099
0 0.237774 0.597899 0.013570 0.026897
