0 0.610271 0.191036 0.010045 0.029818
0 0.463349 0.783987 0.014719 0.064688
0 0.352892 0.624660 0.023102 0.097057
0 0.683759 0.673377 0.015813 0.071094
0 0.640852 0.223459 0.007752 0.026291
0 0.288636 0.156672 0.007037 0.017790
0 0.255205 0.054348 0.005738 0.026151
0 0.243316 0.142252 0.010057 0.030573
0 0.790643 0.460300 0.008400 0.025454
0 0.310606 0.852207 0.010765 0.052871
0 0.507067 0.738353 0.009504 0.037223
0 0.316332 0.193978 0.012451 0.029658
0 0.167031 0.141463 0.014467 0.035900
0 0.526480 0.055006 0.009437 0.032813
0 0.401485 0.776331 0.013401 0.043211
0 0.225645 0.492917 0.023740 0.089310
0 0.141586 0.091078 0.008081 0.029243
0 0.551563 0.469701 0.009902 0.034360
0 0.045153 0.034915 0.007971 0.030660
