0 0.612706 0.078378 0.009129 0.034988
0 0.690168 0.672938 0.014132 0.071202
0 0.585161 0.302752 0.017121 0.078698
0 0.515331 0.395730 0.022364 0.111397
0 0.582370 0.268834 0.011388 0.033488
0 0.598097 0.634031 0.013217 0.023862
0 0.616222 0.107547 0.016241 0.089938
0 0.653455 0.399149 0.014238 0.027871
0 0.582175 0.275053 0.012741 0.043597
0 0.806826 0.965389 0.020120 0.066992
0 0.310427 0.841832 0.009949 0.029267
0 0.497731 0.851074 0.019534 0.099747
0 0.478058 0.348093 0.009785 0.032066
0 0.619124 0.610391 0.012555 0.027497
0 0.484822 0.463773 0.023414 0.052504
0 0.527566 0.951144 0.007497 0.024624
0 0.310588 0.850060 0.010234 0.046796
0 0.613523 0.082075 0.011320 0.041367
0 0.004862 0.487378 0.009443 0.031542
0 0.538720 0.179598 0.012881 0.032632
