0 0.339091 0.132228 0.009957 0.028306
0 0.464494 0.744230 0.012143 0.027722
0 0.505161 0.837343 0.011916 0.031219
0 0.315250 0.782838 0.011545 0.035183
0 0.470705 0.097997 0.010771 0.032478
0 0.313551 0.862867 0.011303 0.052461
0 0.302561 0.862107 0.010652 0.038520
0 0.277284 0.152141 0.008482 0.024778
0 0.490211 0.751247 0.014383 0.034123
0 0.313598 0.851560 0.010077 0.029596
0 0.406022 0.782286 0.011876 0.041964
0 0.500392 0.979935 0.009099 0.038797
0 0.319109 0.818255 0.012281 0.036541
0 0.465413 0.747318 0.014191 0.033761
