0 0.565089 0.240400 0.015132 0.082819
0 0.562481 0.131431 0.008429 0.028814
0 0.650326 0.334913 0.009349 0.027919
0 0.500845 0.682036 0.009727 0.030632
0 0.460838 0.571016 0.008726 0.028788
0 0.310345 0.845546 0.009753 0.033111
0 0.626504 0.601660 0.008620 0.028894
0 0.781206 0.461840 0.009807 0.029702
0 0.313418 0.776159 0.013242 0.035057
0 0.625176 0.531842 0.023292 0.082927
0 0.689464 0.678725 0.015889 0.081870
0 0.596795 0.046549 0.016548 0.054823
0 0.310331 0.854763 0.010683 0.052805
0 0.538379 0.179534 0.013123 0.032601
