0 0.491081 0.317909 0.009224 0.027772
0 0.556606 0.346892 0.018165 0.088870
0 0.538058 0.569173 0.012193 0.043078
0 0.023661 0.089580 0.019527 0.031613
0 0.555730 0.575252 0.012764 0.034813
0 0.309849 0.851182 0.012630 0.051130
0 0.603732 0.680986 0.014166 0.078908
0 0.552660 0.320569 0.010781 0.035746
0 0.507494 0.735880 0.008167 0.030155
0 0.527854 0.817972 0.009387 0.033936
0 0.534733 0.185571 0.012694 0.033105
0 0.515450 0.811564 0.009019 0.027790
0 0.601117 0.656793 0.009317 0.032990
0 0.470997 0.113228 0.006785 0.021469
0 0.220405 0.160144 0.018872 0.027202
0 0.790522 0.460236 0.008213 0.024802
0 0.102643 0.027835 0.012320 0.033220
0 0.671593 0.414328 0.010375 0.021908
