0 0.686496 0.404261 0.009151 0.033077
0 0.539812 0.923801 0.018729 0.085821
0 0.231912 0.299929 0.021814 0.083179
0 0.405595 0.352003 0.011408 0.027869
0 0.614590 0.037676 0.008062 0.036161
0 0.618083 0.068274 0.014752 0.089715
0 0.310387 0.846550 0.009200 0.035058
0 0.576455 0.803273 0.018538 0.089590
0 0.781239 0.461501 0.009690 0.029126
0 0.626927 0.611088 0.010514 0.049672
0 0.313458 0.776846 0.015134 0.035106
0 0.519531 0.746440 0.009190 0.037673
0 0.535848 0.895982 0.010075 0.030842
0 0.310400 0.854926 0.010208 0.052396
0 0.657275 0.049022 0.021570 0.054094
0 0.557187 0.430154 0.020150 0.087196
