0 0.317955 0.185526 0.013021 0.030691
0 0.478421 0.106134 0.005382 0.026006
0 0.561905 0.281403 0.008230 0.031524
0 0.512796 0.984149 0.010479 0.031702
0 0.508575 0.401825 0.009305 0.027349
0 0.398376 0.470979 0.012853 0.030793
0 0.045719 0.034054 0.006781 0.030502
0 0.610567 0.020452 0.012004 0.040905
0 0.962323 0.584068 0.005678 0.026818
0 0.244078 0.143397 0.010329 0.029324
0 0.755554 0.791048 0.011784 0.018849
0 0.309657 0.840523 0.009493 0.029018
0 0.468514 0.109573 0.006102 0.019336
0 0.053081 0.033331 0.007548 0.030815
0 0.150596 0.090190 0.007739 0.030930
