0 0.511222 0.299941 0.008915 0.033413
0 0.588304 0.438929 0.009547 0.028277
0 0.691164 0.675325 0.014826 0.075721
0 0.496346 0.281129 0.009021 0.035890
0 0.692628 0.661814 0.011818 0.047218
0 0.313464 0.777376 0.011706 0.035634
0 0.539519 0.970882 0.013358 0.057101
0 0.428495 0.306399 0.013022 0.023599
0 0.403519 0.778563 0.009336 0.040689
0 0.311919 0.857193 0.011324 0.054148
0 0.311182 0.847653 0.009641 0.033706
0 0.782031 0.460981 0.010198 0.030471
0 0.040679 0.028530 0.007474 0.029723
0 0.640014 0.179680 0.011370 0.051954
0 0.537466 0.957971 0.008837 0.033335
0 0.310844 0.853351 0.009522 0.046178
0 0.539190 0.232990 0.031828 0.101267
0 0.316365 0.814041 0.011887 0.033761
0 0.538518 0.180822 0.012661 0.033806
