0 0.584834 0.513439 0.022298 0.085595
0 0.549111 0.560447 0.022569 0.064703
0 0.578700 0.477213 0.011195 0.024773
0 0.514301 0.018420 0.009040 0.032655
0 0.685059 0.412366 0.010044 0.024478
0 0.555062 0.575517 0.011156 0.028619
0 0.663814 0.873926 0.012113 0.036323
0 0.511731 0.204990 0.010071 0.031742
0 0.790549 0.460639 0.007568 0.025517
0 0.309374 0.846630 0.010219 0.038155
0 0.152108 0.094179 0.008946 0.031853
0 0.150231 0.091499 0.007577 0.032148
0 0.007898 0.490755 0.009795 0.031590
0 0.795370 0.983154 0.011103 0.025098
0 0.684632 0.675480 0.011332 0.067591
0 0.542972 0.540924 0.009587 0.027938
0 0.578546 0.794441 0.008318 0.020284
