0 0.505236 0.185353 0.009609 0.034338
0 0.524678 0.431627 0.008384 0.028218
0 0.623177 0.390216 0.009472 0.028471
0 0.506690 0.045107 0.009293 0.030945
0 0.673005 0.495087 0.015748 0.067294
0 0.309944 0.851730 0.011312 0.052712
0 0.485333 0.482537 0.007484 0.024186
0 0.163385 0.129377 0.011758 0.029904
0 0.471788 0.419923 0.008073 0.024753
0 0.503508 0.470041 0.011077 0.030615
0 0.644699 0.444382 0.010599 0.035486
0 0.585804 0.330852 0.008546 0.038269
0 0.569424 0.343619 0.007689 0.021807
0 0.790345 0.460735 0.008057 0.028525
0 0.569208 0.272953 0.014174 0.076904
0 0.671880 0.414095 0.009694 0.023987
0 0.494182 0.324733 0.012193 0.029102
0 0.575260 0.337523 0.009841 0.035242
0 0.019533 0.027038 0.010075 0.045798
0 0.673854 0.412666 0.013834 0.026155
0 0.510988 0.993105 0.007956 0.013790
0 0.314474 0.805833 0.009764 0.027820
0 0.533504 0.186915 0.014199 0.035189
0 0.150853 0.090953 0.009188 0.031537
0 0.103477 0.028728 0.011889 0.032304
