0 0.598834 0.068860 0.008789 0.030151
0 0.163896 0.131092 0.012066 0.030864
0 0.551706 0.818535 0.020075 0.071135
0 0.537301 0.331495 0.009118 0.027003
0 0.611127 0.218087 0.008556 0.031345
0 0.791453 0.460070 0.007786 0.025320
0 0.310328 0.851094 0.010915 0.050859
0 0.533504 0.394264 0.011251 0.030825
0 0.244027 0.142895 0.009967 0.030198
0 0.045057 0.034325 0.008259 0.032110
0 0.678367 0.880607 0.008502 0.032271
0 0.686034 0.657114 0.010332 0.032401
0 0.316053 0.193461 0.013107 0.029201
0 0.019197 0.034910 0.009216 0.053510
