0 0.594497 0.118459 0.008821 0.037014
0 0.018162 0.036077 0.009727 0.052146
0 0.490891 0.064169 0.008366 0.035360
0 0.162215 0.132230 0.012532 0.030895
0 0.571271 0.728329 0.011180 0.038024
0 0.571404 0.810235 0.018542 0.071120
0 0.789915 0.460521 0.008192 0.022987
0 0.477173 0.555625 0.011870 0.030537
0 0.393115 0.262964 0.011055 0.035050
0 0.545871 0.874290 0.014054 0.074482
0 0.514187 0.160050 0.008852 0.026495
0 0.544271 0.852584 0.010037 0.033217
0 0.545176 0.866779 0.012149 0.061919
0 0.308930 0.842104 0.008989 0.028403
0 0.366825 0.467460 0.013539 0.038735
0 0.018287 0.023759 0.010793 0.031290
0 0.462487 0.786962 0.015731 0.055418
0 0.584601 0.711279 0.026498 0.083073
