0 0.554023 0.374410 0.011805 0.027675
0 0.430623 0.558777 0.027565 0.089489
0 0.447841 0.515148 0.022611 0.083122
0 0.506327 0.422697 0.021658 0.089094
0 0.620409 0.154611 0.011768 0.030574
0 0.832032 0.978519 0.016737 0.040795
0 0.310776 0.844749 0.010287 0.036273
0 0.314136 0.774164 0.013909 0.035978
0 0.437972 0.712051 0.015720 0.097117
0 0.797989 0.456710 0.009650 0.027135
0 0.466721 0.779187 0.013771 0.056112
0 0.584631 0.632651 0.025793 0.091631
0 0.310923 0.853334 0.011425 0.055043
0 0.101803 0.020728 0.011367 0.036071
0 0.434002 0.682063 0.008902 0.034477
0 0.580149 0.008877 0.006593 0.017753
0 0.315973 0.810348 0.011925 0.031553
0 0.689866 0.676195 0.015063 0.078309
0 0.258681 0.098428 0.010182 0.024229
0 0.693038 0.656661 0.010533 0.036909
