0 0.630555 0.588509 0.009666 0.034199
0 0.546380 0.510834 0.011602 0.027252
0 0.541574 0.029523 0.008911 0.035090
0 0.800875 0.852489 0.011969 0.027683
0 0.788727 0.458609 0.009924 0.031601
0 0.802207 0.874525 0.014733 0.072741
0 0.699940 0.882733 0.014847 0.039877
0 0.277331 0.150859 0.008008 0.024206
0 0.315120 0.780728 0.009754 0.036000
0 0.645534 0.026396 0.008289 0.040860
0 0.542513 0.175798 0.012635 0.031572
0 0.801296 0.858450 0.013065 0.040044
0 0.677812 0.879204 0.015820 0.037936
0 0.699429 0.656971 0.012826 0.037710
