0 0.314079 0.778357 0.012845 0.035504
0 0.435140 0.378134 0.024203 0.066540
0 0.628768 0.574891 0.010663 0.031624
0 0.312233 0.855972 0.011260 0.049190
0 0.606880 0.659319 0.013468 0.030349
0 0.594275 0.628420 0.010907 0.030145
0 0.370784 0.455515 0.008484 0.033909
0 0.478370 0.286800 0.006197 0.013599
0 0.278201 0.155002 0.009704 0.029210
0 0.257180 0.060547 0.008626 0.030906
0 0.802603 0.454298 0.008392 0.028729
0 0.786350 0.459514 0.008434 0.030768
0 0.322209 0.730389 0.012782 0.035604
0 0.241302 0.130807 0.010661 0.035204
0 0.316205 0.816487 0.010585 0.036592
