0 0.554936 0.808995 0.010339 0.032260
0 0.638901 0.598057 0.014395 0.080645
0 0.315123 0.780743 0.010294 0.036037
0 0.493772 0.110407 0.009894 0.035977
0 0.503516 0.520458 0.009703 0.032242
0 0.552715 0.252728 0.010690 0.043675
0 0.805413 0.454248 0.009393 0.026581
0 0.699710 0.665728 0.013721 0.061730
0 0.313620 0.849760 0.008853 0.026355
0 0.700055 0.655881 0.012391 0.042574
0 0.280876 0.194921 0.014339 0.023924
0 0.500624 0.979442 0.008646 0.036864
0 0.277492 0.151842 0.007912 0.024589
0 0.318319 0.817455 0.008907 0.034784
0 0.789161 0.458711 0.010408 0.031373
0 0.519289 0.399580 0.021191 0.075198
0 0.645327 0.026361 0.008226 0.040668
0 0.498499 0.174319 0.010713 0.034817
0 0.438916 0.379901 0.020451 0.056352
0 0.697996 0.676115 0.015383 0.078942
0 0.688751 0.598833 0.022834 0.040407
0 0.442018 0.283962 0.015470 0.022979
0 0.494700 0.050854 0.009512 0.034593
