0 0.536790 0.869702 0.017499 0.102817
0 0.585794 0.058791 0.008649 0.037854
0 0.481189 0.572941 0.009047 0.033484
0 0.288758 0.754125 0.009529 0.035790
0 0.021170 0.475337 0.032587 0.107551
0 0.579194 0.781365 0.023309 0.080479
0 0.873965 0.648504 0.009908 0.045407
0 0.311979 0.776403 0.012711 0.035120
0 0.187097 0.274013 0.026352 0.092482
0 0.243995 0.144145 0.010014 0.031565
0 0.055270 0.545077 0.018949 0.074751
0 0.309806 0.846211 0.009444 0.039045
0 0.314951 0.810395 0.010611 0.030852
0 0.997286 0.689344 0.005100 0.026726
0 0.310070 0.852398 0.010717 0.053021
0 0.688197 0.142281 0.009162 0.034094
0 0.567818 0.855146 0.015868 0.050130
