0 0.602740 0.131299 0.008730 0.031866
0 0.539168 0.426934 0.021644 0.083239
0 0.554718 0.967234 0.015681 0.064594
0 0.535950 0.975525 0.014153 0.048950
0 0.991650 0.735472 0.015379 0.028942
0 0.553444 0.972883 0.013988 0.054234
0 0.793771 0.980457 0.009959 0.039087
0 0.616951 0.679386 0.014526 0.035450
0 0.310180 0.841748 0.009635 0.027949
0 0.465498 0.780429 0.012641 0.047225
0 0.607441 0.215886 0.010013 0.034607
0 0.515678 0.438270 0.031251 0.103576
0 0.478677 0.458902 0.009325 0.031468
0 0.525724 0.331533 0.006843 0.026729
0 0.101214 0.026230 0.011193 0.046046
0 0.533760 0.974366 0.010528 0.046828
