0 0.310468 0.850637 0.009977 0.049166
0 0.312397 0.775573 0.012742 0.036343
0 0.410489 0.738278 0.020766 0.079979
0 0.258728 0.290437 0.025466 0.090015
0 0.785783 0.956691 0.012702 0.034196
0 0.799969 0.942926 0.010083 0.029823
0 0.494454 0.758672 0.008668 0.032698
0 0.401991 0.775518 0.011826 0.042084
0 0.141363 0.090406 0.007880 0.029806
0 0.463450 0.780336 0.015128 0.061632
0 0.166448 0.139947 0.013162 0.038070
0 0.243145 0.141952 0.009682 0.030329
0 0.305862 0.192878 0.006805 0.021796
0 0.278998 0.793079 0.008895 0.031327
0 0.377326 0.380406 0.022575 0.088876
0 0.008674 0.490126 0.009040 0.027710
0 0.164746 0.132481 0.010146 0.022925
