0 0.385590 0.546685 0.007908 0.035791
0 0.314751 0.778041 0.011228 0.035498
0 0.457372 0.314480 0.014633 0.033545
0 0.445956 0.396313 0.008701 0.029299
0 0.682461 0.861087 0.008480 0.034380
0 0.312672 0.846841 0.008414 0.029849
0 0.576970 0.281376 0.008055 0.031012
0 0.607056 0.026328 0.009687 0.037552
0 0.520280 0.938423 0.014565 0.055165
0 0.243008 0.131444 0.010628 0.031382
0 0.278453 0.151896 0.007862 0.021205
0 0.697237 0.674843 0.014522 0.078163
0 0.318338 0.815066 0.010519 0.032972
0 0.698719 0.656476 0.011485 0.039837
0 0.804921 0.454055 0.008414 0.027008
0 0.498966 0.977461 0.009434 0.040065
0 0.302050 0.852723 0.008308 0.027177
0 0.813702 0.925909 0.021604 0.072060
