0 0.803400 0.952980 0.014115 0.081286
0 0.692886 0.584582 0.023295 0.088504
0 0.509343 0.546824 0.021657 0.091458
0 0.551755 0.372759 0.007974 0.033534
0 0.336947 0.044581 0.007668 0.025932
0 0.604494 0.025970 0.008108 0.026898
0 0.552477 0.374978 0.010428 0.036782
0 0.463112 0.785301 0.013736 0.055191
0 0.389741 0.517231 0.010678 0.031045
0 0.309702 0.839917 0.009812 0.027859
0 0.544411 0.536242 0.011673 0.029697
0 0.150583 0.091158 0.008189 0.030328
0 0.802705 0.927725 0.012532 0.030615
0 0.401044 0.774690 0.011547 0.037979
0 0.682616 0.676649 0.015845 0.075639
