0 0.607056 0.615106 0.018493 0.087578
0 0.518558 0.468696 0.008578 0.028934
0 0.539494 0.608776 0.024432 0.098531
0 0.008061 0.491707 0.008614 0.030849
0 0.163557 0.129559 0.012992 0.031063
0 0.718428 0.868775 0.016926 0.051190
0 0.584764 0.581797 0.010371 0.029202
0 0.512963 0.115479 0.009579 0.032649
0 0.534776 0.573679 0.016650 0.028146
0 0.316053 0.192190 0.012390 0.028430
0 0.515326 0.826531 0.008676 0.031140
0 0.309492 0.853481 0.011481 0.053650
0 0.790982 0.461262 0.008325 0.025048
0 0.811381 0.984524 0.013292 0.026971
0 0.102446 0.570714 0.010007 0.020638
0 0.259865 0.619061 0.011311 0.033718
