0 0.502740 0.480061 0.022540 0.085587
0 0.498549 0.303940 0.008949 0.031387
0 0.796726 0.455446 0.008229 0.028698
0 0.641179 0.575715 0.016262 0.030368
0 0.510796 0.248882 0.008302 0.031788
0 0.314428 0.775671 0.014816 0.036742
0 0.688899 0.675796 0.016161 0.075496
0 0.310913 0.842388 0.009299 0.026524
0 0.465593 0.778007 0.013116 0.052306
0 0.672453 0.384294 0.014280 0.029985
0 0.665617 0.429389 0.014749 0.081843
0 0.495511 0.816144 0.008829 0.035711
0 0.039304 0.026146 0.008886 0.032703
0 0.677546 0.844852 0.011668 0.050538
