0 0.594751 0.077350 0.009109 0.035883
0 0.473229 0.516244 0.011130 0.025659
0 0.497122 0.691392 0.009621 0.036107
0 0.511139 0.893086 0.010418 0.036087
0 0.405921 0.781186 0.009776 0.041248
0 0.600697 0.031653 0.016400 0.063306
0 0.644838 0.029458 0.008831 0.050131
0 0.470976 0.780915 0.014264 0.060013
0 0.444514 0.113293 0.013344 0.026504
0 0.489100 0.049977 0.007511 0.035435
0 0.805468 0.453133 0.008236 0.023906
0 0.499705 0.980743 0.009838 0.038514
0 0.314833 0.782341 0.011926 0.036466
0 0.645884 0.040133 0.011888 0.068270
0 0.696656 0.679960 0.017065 0.082487
0 0.617068 0.252223 0.014946 0.028330
0 0.322124 0.732855 0.013080 0.034946
0 0.161796 0.231117 0.030589 0.079948
0 0.276820 0.151983 0.007571 0.020908
0 0.457785 0.064841 0.006429 0.020766
0 0.313145 0.851197 0.008692 0.031527
