0 0.362787 0.443359 0.024983 0.089664
0 0.485751 0.337087 0.009505 0.031525
0 0.577264 0.519480 0.008953 0.032727
0 0.540638 0.572354 0.009165 0.028266
0 0.317820 0.186961 0.012031 0.030103
0 0.653114 0.058856 0.022211 0.052056
0 0.272692 0.134887 0.009058 0.026611
0 0.244135 0.139371 0.009837 0.031145
0 0.016363 0.490901 0.020344 0.055041
0 0.155220 0.092596 0.013959 0.034963
0 0.152156 0.091299 0.009633 0.033632
0 0.338758 0.585212 0.008769 0.026964
0 0.438845 0.536758 0.018079 0.041801
0 0.138452 0.628952 0.013954 0.044240
0 0.046083 0.033553 0.009685 0.027487
0 0.506836 0.424457 0.016323 0.084683
