0 0.835104 0.953660 0.020508 0.078417
0 0.553443 0.345115 0.008964 0.036922
0 0.303229 0.553186 0.016487 0.039119
0 0.313557 0.775186 0.012510 0.036146
0 0.615746 0.261391 0.009013 0.028623
0 0.519455 0.721560 0.008687 0.032268
0 0.311285 0.849057 0.009222 0.041790
0 0.020128 0.185046 0.032943 0.095771
0 0.636967 0.311826 0.014212 0.031041
0 0.508553 0.670841 0.009840 0.033469
0 0.557471 0.964298 0.013960 0.068075
0 0.153712 0.087579 0.008101 0.032406
0 0.792352 0.898541 0.030564 0.089791
0 0.037261 0.021972 0.007212 0.032442
0 0.152070 0.086787 0.011093 0.032390
0 0.261041 0.141226 0.006985 0.019268
0 0.466405 0.780773 0.013076 0.050515
