0 0.577828 0.454404 0.008995 0.034576
0 0.555451 0.270023 0.009764 0.036985
0 0.559286 0.430748 0.007077 0.032870
0 0.009446 0.136912 0.018892 0.092498
0 0.162551 0.131373 0.011686 0.032874
0 0.532666 0.503817 0.008689 0.026061
0 0.502782 0.599065 0.006638 0.013884
0 0.582857 0.565723 0.009818 0.043533
0 0.789217 0.460480 0.010726 0.027440
0 0.014811 0.044842 0.015624 0.061906
0 0.593726 0.594640 0.012224 0.041485
0 0.017010 0.042213 0.011548 0.062923
0 0.684557 0.656720 0.010162 0.035435
0 0.151717 0.095409 0.010978 0.031301
0 0.636506 0.565488 0.015997 0.022617
