0 0.550477 0.250434 0.009766 0.033029
0 0.515470 0.378167 0.021225 0.080760
0 0.452948 0.570710 0.015938 0.026329
0 0.791547 0.461071 0.008003 0.025867
0 0.615664 0.532920 0.010562 0.028728
0 0.164658 0.126563 0.011456 0.032864
0 0.045801 0.029296 0.007594 0.032286
0 0.311063 0.849523 0.012485 0.051643
0 0.053718 0.023102 0.006154 0.026793
0 0.226896 0.159050 0.021712 0.032008
0 0.556395 0.571582 0.011447 0.034207
0 0.583133 0.800446 0.007649 0.028220
0 0.310362 0.838535 0.010534 0.030224
0 0.104722 0.025393 0.012021 0.032796
0 0.356919 0.140407 0.019176 0.048723
0 0.684637 0.672148 0.012666 0.069938
0 0.315373 0.804755 0.009549 0.027862
