0 0.584602 0.103992 0.010659 0.038570
0 0.711590 0.488233 0.009818 0.022284
0 0.650713 0.415991 0.013559 0.030847
0 0.162211 0.129846 0.011811 0.030487
0 0.388722 0.259292 0.008625 0.027104
0 0.308972 0.851295 0.011212 0.052813
0 0.307976 0.841788 0.009232 0.034380
0 0.151417 0.092924 0.012289 0.032249
0 0.679328 0.407806 0.012513 0.021844
0 0.041434 0.032753 0.010585 0.032568
0 0.789350 0.459595 0.008141 0.023154
0 0.675844 0.896558 0.012045 0.068046
0 0.676631 0.880795 0.009856 0.033138
0 0.188344 0.553932 0.008883 0.031706
