0 0.194977 0.275862 0.025136 0.090672
0 0.483656 0.646499 0.009259 0.027874
0 0.310182 0.852916 0.012132 0.053105
0 0.627026 0.324628 0.010493 0.029838
0 0.788497 0.456943 0.008836 0.026637
0 0.041823 0.035095 0.007219 0.032116
0 0.583054 0.478760 0.013143 0.027946
0 0.006794 0.491461 0.009253 0.030029
0 0.240233 0.141128 0.009356 0.032262
0 0.404305 0.708073 0.013140 0.049101
0 0.782919 0.949270 0.011967 0.035004
0 0.317160 0.630665 0.014742 0.041458
0 0.508130 0.980773 0.011693 0.037455
0 0.586830 0.510444 0.021515 0.093850
0 0.390046 0.681418 0.012247 0.042095
0 0.474455 0.652709 0.008556 0.027111
