0 0.455977 0.409291 0.022997 0.085262
0 0.554050 0.193106 0.009630 0.033597
0 0.511795 0.650494 0.010071 0.029657
0 0.555360 0.573217 0.011887 0.028842
0 0.309920 0.851769 0.011534 0.052664
0 0.355522 0.413339 0.014178 0.038972
0 0.703041 0.594487 0.020198 0.081977
0 0.353889 0.422767 0.018730 0.042398
0 0.789630 0.461147 0.008645 0.026742
0 0.385857 0.379812 0.012864 0.031034
0 0.543970 0.072697 0.013814 0.027983
0 0.418816 0.500462 0.023602 0.067785
0 0.496247 0.272718 0.008137 0.029573
0 0.534415 0.186044 0.012415 0.035130
