0 0.548458 0.787656 0.020493 0.083107
0 0.451972 0.462645 0.011231 0.035992
0 0.805413 0.453202 0.009343 0.029103
0 0.609624 0.329233 0.009459 0.030873
0 0.698050 0.676044 0.017228 0.084184
0 0.699474 0.668099 0.014382 0.068506
0 0.357853 0.221455 0.014199 0.029375
0 0.442552 0.118039 0.007685 0.025630
0 0.315074 0.780768 0.010398 0.035914
0 0.789457 0.457846 0.011323 0.032107
0 0.471997 0.764219 0.009916 0.031700
0 0.699906 0.657311 0.013187 0.046896
0 0.392437 0.468014 0.010712 0.032460
0 0.684277 0.862468 0.009149 0.035093
0 0.277206 0.152453 0.008434 0.022575
0 0.500698 0.980158 0.009087 0.033895
0 0.314228 0.850065 0.010938 0.028791
0 0.318425 0.818106 0.010226 0.036956
0 0.557453 0.183785 0.027929 0.057238
0 0.563073 0.179342 0.016734 0.047292
0 0.240726 0.130852 0.009449 0.033971
