0 0.537913 0.112413 0.008970 0.032222
0 0.555403 0.964142 0.013158 0.065507
0 0.713500 0.573484 0.021643 0.081257
0 0.631819 0.623635 0.010079 0.035843
0 0.310194 0.844772 0.009941 0.036533
0 0.793774 0.457194 0.009520 0.030570
0 0.493520 0.132195 0.008689 0.030345
0 0.570245 0.463186 0.006385 0.015275
0 0.548881 0.442720 0.009523 0.020890
0 0.564647 0.601994 0.023849 0.092683
0 0.310546 0.851984 0.011142 0.052222
0 0.480904 0.356855 0.011653 0.031376
0 0.632433 0.631864 0.011671 0.051876
0 0.042199 0.030804 0.008386 0.027300
0 0.037473 0.022510 0.007962 0.027582
0 0.312717 0.774201 0.012488 0.035744
0 0.040296 0.026863 0.011253 0.033003
