0 0.591045 0.611024 0.013443 0.035711
0 0.639673 0.025272 0.007940 0.029898
0 0.766126 0.921182 0.014357 0.056867
0 0.525688 0.517177 0.020681 0.089907
0 0.723371 0.946899 0.013375 0.029980
0 0.743635 0.887701 0.012102 0.040832
0 0.657256 0.052949 0.022399 0.064263
0 0.314175 0.778578 0.014133 0.035505
0 0.466835 0.777799 0.012792 0.058573
0 0.782309 0.459923 0.009398 0.031405
0 0.526396 0.408068 0.012618 0.031023
0 0.522913 0.487901 0.013178 0.032002
0 0.240765 0.135566 0.009494 0.029906
0 0.312099 0.860181 0.014883 0.055398
