0 0.622030 0.136011 0.008764 0.030444
0 0.631516 0.066213 0.009222 0.036118
0 0.566783 0.280858 0.011402 0.033517
0 0.477291 0.530077 0.010670 0.030630
0 0.467781 0.479047 0.010640 0.028997
0 0.323796 0.732150 0.012172 0.033938
0 0.452577 0.486236 0.009289 0.030392
0 0.538792 0.340605 0.010204 0.030412
0 0.318480 0.816377 0.008942 0.033645
0 0.419584 0.493144 0.010851 0.028865
0 0.500852 0.980324 0.009345 0.035980
0 0.455801 0.106406 0.007365 0.018747
0 0.242117 0.128993 0.011419 0.035263
0 0.315491 0.780729 0.010324 0.034747
