0 0.497546 0.103199 0.009751 0.033150
0 0.586025 0.225358 0.009342 0.039354
0 0.583548 0.336145 0.016897 0.085293
0 0.585912 0.218280 0.009081 0.025574
0 0.580413 0.311004 0.010624 0.033903
0 0.539757 0.306025 0.013387 0.029569
0 0.692475 0.678261 0.016958 0.080201
0 0.564528 0.456333 0.011897 0.030118
0 0.564329 0.303558 0.009508 0.032709
0 0.313662 0.776212 0.012116 0.035349
0 0.581875 0.694947 0.013016 0.026027
0 0.038171 0.020350 0.012772 0.034916
0 0.562774 0.346774 0.012321 0.026722
0 0.551647 0.200387 0.010380 0.046740
