0 0.527875 0.571600 0.009333 0.031881
0 0.007671 0.491337 0.009536 0.030372
0 0.311171 0.842400 0.009222 0.030211
0 0.603431 0.599231 0.008328 0.029040
0 0.590126 0.536048 0.009087 0.034466
0 0.037401 0.021960 0.006668 0.023191
0 0.154640 0.095157 0.007921 0.029371
0 0.153032 0.094958 0.008565 0.030674
0 0.018739 0.020011 0.009751 0.025723
0 0.102640 0.571263 0.009779 0.022217
0 0.044719 0.032904 0.008405 0.030817
0 0.150448 0.090294 0.008084 0.033413
0 0.037280 0.026845 0.007074 0.029317
0 0.793911 0.458447 0.006349 0.027172
