0 0.514389 0.162214 0.008590 0.033891
0 0.277280 0.151090 0.008515 0.023465
0 0.514803 0.984006 0.007852 0.031988
0 0.495806 0.978431 0.008140 0.040955
0 0.314865 0.779658 0.011782 0.035894
0 0.501738 0.557975 0.010489 0.034587
0 0.628505 0.036624 0.009742 0.037721
0 0.522163 0.014367 0.008698 0.028735
0 0.575565 0.073670 0.008984 0.033419
0 0.644700 0.026594 0.008705 0.040927
0 0.241257 0.132078 0.009969 0.033195
0 0.351356 0.414113 0.010019 0.028150
0 0.312963 0.849707 0.009336 0.029173
0 0.318380 0.816980 0.010838 0.035171
0 0.270253 0.140732 0.007811 0.024049
0 0.322700 0.730439 0.012428 0.034153
