0 0.802725 0.954310 0.016041 0.084331
0 0.577990 0.686434 0.010851 0.034716
0 0.288966 0.754106 0.008386 0.031583
0 0.310075 0.843789 0.010765 0.041337
0 0.310421 0.851430 0.011870 0.055902
0 0.150602 0.092961 0.008566 0.032733
0 0.154960 0.095681 0.012060 0.032090
0 0.609942 0.753537 0.021686 0.096252
0 0.243371 0.141957 0.010137 0.030070
0 0.045665 0.035381 0.007513 0.027832
0 0.020420 0.020200 0.009580 0.024385
0 0.580740 0.720624 0.016264 0.104496
0 0.058730 0.539184 0.032835 0.087570
0 0.490211 0.147893 0.009622 0.032042
0 0.683354 0.674126 0.014630 0.075024
