0 0.585865 0.326855 0.008311 0.033126
0 0.505594 0.727091 0.009787 0.033521
0 0.610499 0.256085 0.010988 0.035125
0 0.613824 0.280610 0.017007 0.087062
0 0.571860 0.140716 0.008475 0.031467
0 0.489694 0.710852 0.008688 0.032633
0 0.556610 0.155259 0.008894 0.025051
0 0.149235 0.085763 0.011042 0.035810
0 0.524149 0.616184 0.012459 0.036483
0 0.567666 0.080166 0.009037 0.032049
0 0.037778 0.025908 0.008073 0.030322
0 0.782093 0.458939 0.010222 0.031419
0 0.313860 0.777132 0.014137 0.036282
0 0.329470 0.317216 0.016522 0.070082
0 0.310808 0.846431 0.009040 0.034165
