0 0.553604 0.696152 0.009163 0.032921
0 0.365511 0.456404 0.010606 0.029122
0 0.504516 0.266350 0.008256 0.029106
0 0.430120 0.443441 0.013372 0.031656
0 0.795522 0.934118 0.010449 0.033648
0 0.514427 0.990052 0.012142 0.019896
0 0.472403 0.568141 0.022631 0.052471
0 0.576174 0.631182 0.009973 0.043266
0 0.391576 0.709991 0.012138 0.037172
0 0.309927 0.853432 0.011953 0.053868
0 0.789363 0.461472 0.010234 0.025632
0 0.530438 0.047283 0.006652 0.032293
0 0.162453 0.131741 0.012174 0.031173
0 0.211298 0.572146 0.010607 0.031934
0 0.393471 0.261959 0.012134 0.034110
0 0.193965 0.567401 0.012299 0.029229
