0 0.512635 0.366160 0.024347 0.089317
0 0.493442 0.221757 0.008985 0.034092
0 0.783616 0.955246 0.011388 0.034410
0 0.794492 0.936444 0.009851 0.033782
0 0.514901 0.592353 0.010472 0.020144
0 0.163231 0.130766 0.011802 0.030625
0 0.514510 0.630543 0.026360 0.096435
0 0.608366 0.633920 0.018159 0.076534
0 0.394611 0.263057 0.013508 0.031930
0 0.684418 0.657039 0.010146 0.036739
0 0.308801 0.840243 0.009680 0.031353
0 0.367330 0.273859 0.009663 0.031815
0 0.149812 0.091437 0.007363 0.030369
0 0.961888 0.581609 0.006531 0.026902
0 0.007914 0.490999 0.010416 0.031852
0 0.584936 0.603247 0.007458 0.016655
0 0.291210 0.688279 0.016858 0.086320
