0 0.629808 0.352796 0.008817 0.041869
0 0.486682 0.146822 0.007565 0.030838
0 0.607294 0.337663 0.010586 0.030757
0 0.693218 0.402081 0.008600 0.032537
0 0.781249 0.944187 0.010802 0.059563
0 0.641779 0.350912 0.008935 0.027626
0 0.519302 0.162866 0.008377 0.031304
0 0.554968 0.220749 0.007930 0.030371
0 0.700644 0.531050 0.014743 0.043769
0 0.791513 0.457912 0.007310 0.023950
0 0.504999 0.144431 0.009782 0.032575
0 0.163829 0.128612 0.011845 0.030149
0 0.780920 0.930368 0.009764 0.031743
0 0.310277 0.850483 0.011717 0.056749
0 0.008584 0.489548 0.008796 0.032398
0 0.534254 0.186927 0.012522 0.032445
0 0.150115 0.088323 0.006777 0.026855
0 0.044477 0.031294 0.007747 0.029961
0 0.789677 0.460015 0.008522 0.024901
0 0.693068 0.409135 0.008525 0.043253
0 0.310257 0.836288 0.010575 0.028292
0 0.392187 0.707626 0.011709 0.036036
0 0.243552 0.138632 0.010119 0.029420
