0 0.854664 0.649696 0.015977 0.047748
0 0.790267 0.458431 0.010996 0.032355
0 0.315066 0.778565 0.011038 0.036460
0 0.607642 0.009498 0.008973 0.018996
0 0.313334 0.848185 0.009050 0.031540
0 0.603103 0.420928 0.009248 0.034670
0 0.530483 0.532215 0.009007 0.035876
0 0.546737 0.365060 0.008577 0.024645
0 0.805883 0.457250 0.011479 0.023109
0 0.313379 0.585520 0.027279 0.074548
0 0.754666 0.469750 0.015750 0.030913
0 0.318258 0.814993 0.009590 0.032099
0 0.822146 0.988665 0.013247 0.022125
0 0.306881 0.590951 0.013433 0.035207
0 0.313470 0.854517 0.010036 0.045857
