0 0.519195 0.583982 0.023392 0.086708
0 0.324244 0.186760 0.010411 0.035647
0 0.310994 0.853113 0.011343 0.052235
0 0.290219 0.873425 0.011496 0.028640
0 0.550832 0.782165 0.008678 0.034259
0 0.310708 0.843852 0.010680 0.033129
0 0.687747 0.675855 0.016462 0.080947
0 0.632755 0.632064 0.012028 0.053413
0 0.313858 0.774429 0.014087 0.037052
0 0.555325 0.964080 0.013335 0.064570
0 0.432072 0.449148 0.011852 0.027886
0 0.438021 0.476488 0.018926 0.084178
0 0.315303 0.808381 0.010594 0.031895
0 0.260468 0.141030 0.007461 0.021366
0 0.006495 0.489723 0.011079 0.032647
0 0.631994 0.623911 0.010023 0.037497
0 0.654135 0.341641 0.014477 0.028417
0 0.037108 0.022955 0.007229 0.029810
