0 0.586936 0.375623 0.009706 0.037455
0 0.632580 0.615793 0.009408 0.038799
0 0.496228 0.741178 0.009088 0.036447
0 0.510270 0.295944 0.010239 0.031501
0 0.513191 0.840314 0.008208 0.036418
0 0.311214 0.843092 0.010851 0.033446
0 0.313093 0.774262 0.012416 0.036335
0 0.986853 0.695983 0.007260 0.024704
0 0.465470 0.774278 0.012844 0.060548
0 0.310819 0.850377 0.011319 0.050039
0 0.315726 0.809732 0.011137 0.032744
0 0.608610 0.291594 0.009758 0.031065
0 0.757281 0.989805 0.013062 0.020389
0 0.678585 0.425869 0.010025 0.050851
0 0.436473 0.757136 0.007518 0.027755
