0 0.577957 0.430786 0.009564 0.031664
0 0.504828 0.169470 0.009865 0.034514
0 0.510971 0.690291 0.008977 0.029369
0 0.652926 0.057996 0.022412 0.060299
0 0.586319 0.567929 0.009414 0.030170
0 0.317465 0.187247 0.011873 0.029488
0 0.243968 0.139162 0.009753 0.031740
0 0.271659 0.134118 0.009336 0.030225
0 0.506007 0.298958 0.006449 0.022380
0 0.630276 0.746324 0.015701 0.067919
0 0.540076 0.718444 0.008885 0.030110
0 0.872195 0.905971 0.008775 0.023268
0 0.270596 0.127158 0.007159 0.016142
0 0.757267 0.746133 0.016995 0.046881
0 0.310323 0.838578 0.009611 0.032548
0 0.237381 0.599516 0.014503 0.030996
0 0.310279 0.845710 0.010521 0.047052
0 0.150910 0.090183 0.008163 0.031370
0 0.016180 0.490023 0.020172 0.056627
