0 0.540517 0.614506 0.019471 0.090909
0 0.550126 0.744155 0.026050 0.120701
0 0.051011 0.194142 0.019913 0.078694
0 0.590885 0.090888 0.009733 0.034731
0 0.682904 0.672172 0.014468 0.070442
0 0.575771 0.686404 0.015977 0.084897
0 0.646141 0.338222 0.015608 0.055653
0 0.258032 0.695323 0.008055 0.025896
0 0.163300 0.127604 0.011303 0.029644
0 0.684168 0.662139 0.011786 0.048609
0 0.789973 0.459955 0.008142 0.024343
0 0.314571 0.806388 0.010036 0.029499
0 0.334958 0.204026 0.010203 0.019844
0 0.308212 0.839561 0.009137 0.035423
0 0.610814 0.017722 0.006277 0.022087
0 0.573173 0.659288 0.011331 0.032009
0 0.044882 0.033872 0.007671 0.024196
0 0.236690 0.278505 0.026479 0.085757
0 0.534814 0.186009 0.012994 0.034382
