0 0.620193 0.055383 0.009196 0.039361
0 0.384228 0.648592 0.008424 0.031374
0 0.501410 0.981429 0.009297 0.034352
0 0.534034 0.633831 0.011097 0.032835
0 0.570408 0.534878 0.010630 0.032555
0 0.546279 0.314064 0.009752 0.031364
0 0.315358 0.781620 0.011026 0.035199
0 0.314243 0.861401 0.012025 0.051489
0 0.532394 0.132959 0.010824 0.025674
0 0.302930 0.863326 0.010246 0.043676
0 0.581489 0.233800 0.009054 0.030136
0 0.284891 0.854277 0.014126 0.043906
0 0.648686 0.025019 0.010324 0.046555
0 0.318610 0.814916 0.009267 0.028789
0 0.314345 0.850876 0.010958 0.030197
0 0.658613 0.815355 0.006807 0.033138
0 0.133910 0.626184 0.009495 0.025050
