0 0.581465 0.084448 0.009156 0.040043
0 0.391672 0.260963 0.013025 0.035310
0 0.561646 0.232226 0.009118 0.035154
0 0.162321 0.129280 0.011890 0.030311
0 0.670540 0.449767 0.009164 0.029603
0 0.003115 0.166776 0.006221 0.083759
0 0.617506 0.335995 0.008759 0.025050
0 0.518852 0.338229 0.011453 0.029907
0 0.607656 0.245510 0.009671 0.033845
0 0.789738 0.460671 0.008858 0.024805
0 0.793266 0.934091 0.008924 0.031750
0 0.240504 0.138700 0.008916 0.033113
0 0.041405 0.032668 0.009789 0.031985
0 0.591807 0.586560 0.011056 0.029362
0 0.308917 0.842501 0.009953 0.033678
