0 0.552394 0.902810 0.009031 0.027929
0 0.683564 0.861617 0.009638 0.035201
0 0.488647 0.226990 0.010147 0.031206
0 0.530565 0.973795 0.012860 0.052410
0 0.315169 0.777661 0.011259 0.036325
0 0.805017 0.454391 0.009971 0.026530
0 0.696449 0.678668 0.016388 0.075981
0 0.496607 0.395670 0.012896 0.041753
0 0.879586 0.500892 0.015240 0.036897
0 0.499397 0.978677 0.009803 0.042646
0 0.517735 0.977175 0.009017 0.045649
0 0.314049 0.859798 0.011473 0.056091
0 0.528852 0.966379 0.009461 0.040105
0 0.242806 0.131426 0.010685 0.030879
0 0.278418 0.151942 0.007112 0.020264
0 0.517489 0.970437 0.008053 0.031352
0 0.313858 0.849710 0.010845 0.036918
0 0.027940 0.019597 0.007573 0.031425
0 0.471008 0.775925 0.013533 0.060107
0 0.697795 0.665999 0.014762 0.057410
0 0.319050 0.815143 0.010943 0.035843
0 0.324131 0.182055 0.009935 0.018148
