0 0.602514 0.611084 0.021636 0.090000
0 0.537904 0.500477 0.008865 0.032266
0 0.670937 0.412512 0.011976 0.024170
0 0.520773 0.353121 0.011840 0.028776
0 0.555125 0.570972 0.011045 0.027183
0 0.007929 0.488875 0.009145 0.033127
0 0.524756 0.527826 0.009249 0.024242
0 0.551381 0.055292 0.013482 0.027992
0 0.790091 0.459902 0.007843 0.024643
0 0.019299 0.025114 0.009611 0.037806
0 0.395556 0.513941 0.025193 0.092641
0 0.901916 0.712519 0.007616 0.015497
0 0.150281 0.091458 0.008227 0.032349
0 0.308255 0.839255 0.009114 0.034532
0 0.582401 0.228167 0.014189 0.087134
0 0.314400 0.805940 0.010051 0.028614
