0 0.683284 0.675653 0.013853 0.067454
0 0.574231 0.047685 0.007993 0.038042
0 0.476965 0.075775 0.008917 0.036100
0 0.586048 0.018723 0.009171 0.037446
0 0.494935 0.056704 0.009649 0.032326
0 0.315931 0.192293 0.013334 0.033536
0 0.104060 0.427698 0.029575 0.097626
0 0.152881 0.129787 0.014138 0.026814
0 0.785056 0.956560 0.011634 0.034930
0 0.053137 0.543082 0.023618 0.078108
0 0.243040 0.142465 0.010067 0.030035
0 0.085255 0.421763 0.019921 0.048339
0 0.236951 0.604245 0.015899 0.030964
0 0.309526 0.844347 0.010348 0.032166
