0 0.769848 0.970613 0.013729 0.052466
0 0.577311 0.245372 0.010247 0.042455
0 0.490289 0.246435 0.011254 0.035660
0 0.222233 0.384840 0.019567 0.052521
0 0.243230 0.091324 0.007781 0.030604
0 0.809997 0.415404 0.007772 0.027849
0 0.313491 0.809151 0.007699 0.027619
0 0.580265 0.266127 0.016135 0.081229
0 0.313861 0.811422 0.010248 0.027615
0 0.318307 0.775267 0.007847 0.031459
0 0.537159 0.492404 0.012757 0.030636
0 0.772951 0.484233 0.010288 0.033763
0 0.315112 0.738823 0.011322 0.034351
0 0.444422 0.340017 0.016101 0.024253
