0 0.370363 0.523792 0.021193 0.100699
0 0.542899 0.439460 0.008670 0.032551
0 0.581210 0.087660 0.009553 0.033215
0 0.315931 0.194151 0.012624 0.027761
0 0.785553 0.957221 0.011490 0.035534
0 0.462561 0.781570 0.015005 0.053761
0 0.310651 0.846951 0.010083 0.037183
0 0.405578 0.283262 0.008125 0.023541
0 0.310908 0.855190 0.011968 0.055157
0 0.288323 0.755603 0.008905 0.031798
0 0.141248 0.098986 0.010861 0.033088
0 0.045171 0.035896 0.007631 0.029410
0 0.312111 0.776780 0.013532 0.034268
0 0.682893 0.679736 0.016349 0.079150
0 0.685405 0.667900 0.009771 0.052986
0 0.324259 0.333541 0.016434 0.077417
0 0.685816 0.658217 0.009304 0.035264
