0 0.582151 0.585093 0.009929 0.042803
0 0.566993 0.589686 0.009826 0.032114
0 0.590961 0.610326 0.010053 0.028864
0 0.364831 0.456994 0.010334 0.029416
0 0.513780 0.377229 0.008464 0.023961
0 0.162395 0.131915 0.012139 0.031166
0 0.795027 0.934173 0.009460 0.033512
0 0.789761 0.460239 0.009012 0.025055
0 0.537764 0.155252 0.009789 0.036936
0 0.681210 0.656835 0.013011 0.036010
0 0.684289 0.656659 0.011653 0.035882
0 0.007814 0.491467 0.009235 0.029225
0 0.682610 0.660384 0.013727 0.043673
0 0.309194 0.841097 0.009529 0.027920
0 0.018398 0.033434 0.010375 0.050923
