0 0.581931 0.689522 0.020224 0.093768
0 0.502131 0.536865 0.009845 0.035005
0 0.306459 0.215717 0.012215 0.026485
0 0.563764 0.145068 0.010090 0.034507
0 0.577406 0.658927 0.010274 0.030279
0 0.481554 0.233228 0.010219 0.034728
0 0.805434 0.453148 0.009760 0.028073
0 0.789371 0.457105 0.010703 0.030632
0 0.313467 0.850338 0.009168 0.030726
0 0.645378 0.024758 0.008582 0.040894
0 0.697765 0.677670 0.017110 0.083110
0 0.500728 0.979314 0.009223 0.037981
0 0.548771 0.310155 0.010739 0.029534
0 0.416877 0.303638 0.015059 0.018837
0 0.470952 0.778067 0.013589 0.062273
0 0.277345 0.151263 0.008112 0.020543
0 0.636874 0.607481 0.019128 0.057703
0 0.323247 0.731925 0.012327 0.034015
0 0.464241 0.271197 0.011904 0.019092
0 0.315453 0.780350 0.011358 0.036334
0 0.693662 0.920609 0.006867 0.027695
