0 0.684030 0.861844 0.009886 0.036509
0 0.520637 0.991533 0.006567 0.016935
0 0.315931 0.777868 0.011384 0.035710
0 0.547026 0.946541 0.008636 0.033266
0 0.482533 0.537363 0.010048 0.028532
0 0.318636 0.814384 0.010509 0.032188
0 0.696976 0.677528 0.016421 0.079810
0 0.515497 0.828654 0.011310 0.034429
0 0.314165 0.847265 0.010486 0.028887
0 0.516324 0.916764 0.007706 0.023616
0 0.500532 0.976648 0.008835 0.042294
0 0.482408 0.117612 0.008619 0.032837
0 0.314349 0.860279 0.013185 0.055865
0 0.284865 0.850223 0.011568 0.044731
