0 0.558868 0.361862 0.012027 0.033566
0 0.562332 0.203242 0.009282 0.034550
0 0.310699 0.842417 0.009584 0.030118
0 0.532957 0.571741 0.018058 0.089522
0 0.320541 0.720515 0.011313 0.041033
0 0.787497 0.512242 0.009345 0.025221
0 0.794111 0.459740 0.006771 0.027195
0 0.486501 0.170129 0.009946 0.031795
0 0.018889 0.021539 0.008813 0.026635
0 0.605445 0.521125 0.007715 0.027784
0 0.310186 0.848232 0.009883 0.043296
0 0.007610 0.491779 0.009803 0.031225
0 0.335884 0.939379 0.016234 0.055124
0 0.243739 0.139428 0.010221 0.030878
