0 0.592420 0.310902 0.008399 0.031586
0 0.785112 0.956897 0.011667 0.035451
0 0.373428 0.453763 0.022396 0.095508
0 0.309556 0.846675 0.010409 0.038241
0 0.237009 0.603526 0.013595 0.030904
0 0.243998 0.142450 0.009474 0.030276
0 0.316058 0.194437 0.012941 0.029318
0 0.309875 0.851401 0.011796 0.049042
0 0.406022 0.280393 0.006832 0.019360
0 0.533241 0.549626 0.019068 0.101525
0 0.463426 0.778441 0.014081 0.055951
0 0.150008 0.090569 0.008222 0.032032
0 0.603779 0.313998 0.009246 0.019337
0 0.045244 0.034226 0.007571 0.031890
