0 0.582380 0.157902 0.009880 0.034970
0 0.567929 0.137522 0.010398 0.036026
0 0.339529 0.277627 0.012199 0.033600
0 0.581658 0.066288 0.008127 0.039163
0 0.340393 0.093930 0.009521 0.031480
0 0.591786 0.376642 0.008871 0.028452
0 0.503755 0.263825 0.009698 0.032428
0 0.792231 0.456873 0.007000 0.026503
0 0.006945 0.492588 0.008713 0.031883
0 0.309937 0.840822 0.009428 0.026898
0 0.101773 0.036682 0.011189 0.051444
0 0.101417 0.029484 0.011176 0.036968
0 0.310390 0.847186 0.010438 0.040013
0 0.684351 0.676450 0.016327 0.079996
