0 0.571535 0.198849 0.009470 0.033943
0 0.567527 0.353188 0.015857 0.093395
0 0.563778 0.324220 0.008527 0.038485
0 0.510848 0.037268 0.008020 0.032092
0 0.785334 0.956979 0.011443 0.035199
0 0.409058 0.737324 0.020322 0.074736
0 0.284737 0.722451 0.009407 0.031135
0 0.494317 0.562522 0.010449 0.041184
0 0.288048 0.156381 0.006718 0.017372
0 0.315918 0.193889 0.012652 0.030490
0 0.462842 0.783086 0.014347 0.050279
0 0.534805 0.629192 0.017685 0.079424
0 0.443378 0.553185 0.012610 0.032439
0 0.008335 0.493988 0.009778 0.033285
0 0.791060 0.461410 0.008402 0.025430
0 0.596745 0.814315 0.010763 0.031509
0 0.355854 0.142272 0.017298 0.047828
0 0.540738 0.493990 0.012080 0.028384
0 0.376028 0.303049 0.008362 0.020780
0 0.243231 0.142448 0.009087 0.030615
