0 0.197063 0.530758 0.029038 0.095154
0 0.683561 0.671943 0.013372 0.072276
0 0.569715 0.118026 0.011893 0.030099
0 0.162551 0.128806 0.011695 0.030128
0 0.598925 0.088602 0.008899 0.024014
0 0.789174 0.458748 0.008933 0.023492
0 0.785039 0.949826 0.009909 0.033016
0 0.790889 0.456039 0.006542 0.025524
0 0.575193 0.760801 0.011322 0.034779
0 0.532793 0.771213 0.015224 0.035944
0 0.810718 0.961489 0.008351 0.019349
0 0.008086 0.490929 0.009416 0.033283
0 0.599313 0.095734 0.009873 0.039336
0 0.623437 0.059672 0.008751 0.023994
