0 0.631147 0.622518 0.011681 0.048513
0 0.529163 0.502716 0.007999 0.030231
0 0.314949 0.779736 0.011597 0.037594
0 0.141079 0.164348 0.017373 0.020261
0 0.313027 0.848955 0.007494 0.028052
0 0.683831 0.860088 0.008812 0.029974
0 0.499261 0.979521 0.009329 0.038879
0 0.646347 0.043887 0.011515 0.064743
0 0.322869 0.730315 0.011274 0.032568
0 0.318692 0.817673 0.010788 0.037185
0 0.434453 0.252598 0.015485 0.024485
0 0.630689 0.320166 0.010946 0.024705
0 0.645232 0.021205 0.007506 0.034066
0 0.470673 0.779904 0.013517 0.058470
