0 0.595136 0.374049 0.009522 0.035741
0 0.586850 0.431215 0.010556 0.038647
0 0.567679 0.858331 0.014435 0.047007
0 0.563906 0.242596 0.016143 0.094173
0 0.008164 0.491724 0.009801 0.030728
0 0.560287 0.209832 0.008678 0.029345
0 0.260002 0.616972 0.011371 0.030094
0 0.471194 0.253460 0.006673 0.017875
0 0.164360 0.130064 0.012844 0.028535
0 0.650227 0.834861 0.016585 0.048516
0 0.615989 0.509522 0.021185 0.034565
0 0.102496 0.571482 0.009622 0.021706
0 0.316241 0.192330 0.013817 0.031727
0 0.163636 0.127378 0.011051 0.022996
0 0.587599 0.458061 0.014447 0.026444
0 0.790889 0.460449 0.007976 0.024956
0 0.309860 0.847911 0.010277 0.041036
0 0.785489 0.956862 0.011411 0.034626
0 0.310112 0.853887 0.011415 0.054541
