0 0.568974 0.201059 0.008341 0.036970
0 0.510841 0.383595 0.008307 0.024803
0 0.572165 0.227770 0.014586 0.089418
0 0.509199 0.721573 0.009292 0.031020
0 0.520620 0.824535 0.009088 0.033683
0 0.313593 0.774466 0.012440 0.035875
0 0.611616 0.117884 0.008567 0.033619
0 0.466253 0.779245 0.014013 0.052794
0 0.311500 0.844066 0.010279 0.034960
0 0.500675 0.322991 0.008158 0.029483
0 0.311867 0.853102 0.011775 0.054270
0 0.337323 0.939476 0.014997 0.056904
0 0.617024 0.185678 0.008712 0.033317
0 0.231587 0.539989 0.010265 0.018938
0 0.101746 0.027512 0.012561 0.051701
