0 0.497929 0.319698 0.009666 0.032719
0 0.582168 0.501654 0.021500 0.081795
0 0.797166 0.962332 0.008974 0.032469
0 0.632883 0.614391 0.009725 0.034520
0 0.235037 0.336886 0.026390 0.090168
0 0.310981 0.843898 0.010045 0.030278
0 0.042176 0.029899 0.007448 0.030179
0 0.313827 0.775167 0.012637 0.035778
0 0.517302 0.909127 0.008232 0.025700
0 0.556379 0.948917 0.010240 0.041246
0 0.563783 0.505185 0.010693 0.033065
0 0.797932 0.972264 0.009980 0.052784
0 0.484064 0.699136 0.021389 0.081098
0 0.413650 0.508911 0.017654 0.092266
0 0.311451 0.853979 0.011710 0.051544
0 0.360811 0.408503 0.008830 0.022830
0 0.676782 0.394548 0.013103 0.026940
0 0.039576 0.027586 0.009343 0.033265
