0 0.577396 0.084263 0.008239 0.034405
0 0.511763 0.040238 0.008865 0.034143
0 0.589955 0.031710 0.008833 0.037487
0 0.571157 0.643128 0.016802 0.026517
0 0.501262 0.500509 0.025883 0.089152
0 0.661357 0.380655 0.010952 0.032492
0 0.467866 0.568295 0.024814 0.088722
0 0.781810 0.459400 0.009721 0.033535
0 0.522721 0.863356 0.010626 0.032069
0 0.311184 0.849624 0.009334 0.036024
0 0.639966 0.024228 0.008551 0.028794
0 0.046533 0.025152 0.009742 0.034351
0 0.311618 0.858204 0.010833 0.053542
0 0.035497 0.024777 0.010494 0.033163
0 0.038628 0.025679 0.007472 0.032350
0 0.563023 0.861275 0.009097 0.029866
