0 0.603795 0.600054 0.008481 0.029551
0 0.007515 0.491379 0.010008 0.031898
0 0.581890 0.439648 0.008838 0.032260
0 0.309890 0.840220 0.009698 0.028546
0 0.529485 0.578519 0.013238 0.057209
0 0.447002 0.677323 0.019300 0.037111
0 0.154396 0.095267 0.007537 0.028625
0 0.037452 0.021280 0.006954 0.023142
0 0.102483 0.570705 0.008898 0.022292
0 0.018863 0.019194 0.009639 0.024183
0 0.152857 0.094820 0.008086 0.030211
0 0.313313 0.775151 0.012647 0.035595
0 0.102464 0.029235 0.011705 0.034593
0 0.794064 0.459128 0.007464 0.024976
0 0.687312 0.657079 0.011255 0.035227
