0 0.696086 0.677386 0.015961 0.078489
0 0.314737 0.777622 0.010905 0.035420
0 0.804546 0.454624 0.009718 0.026577
0 0.595466 0.743092 0.028147 0.079564
0 0.788072 0.458563 0.009584 0.030698
0 0.318450 0.814511 0.011303 0.032434
0 0.481530 0.536801 0.009824 0.028935
0 0.313019 0.847061 0.008935 0.030481
0 0.278340 0.151308 0.007803 0.022330
0 0.470974 0.781015 0.013638 0.052973
0 0.139882 0.244949 0.021171 0.079746
0 0.682715 0.862101 0.009319 0.035832
0 0.499414 0.976923 0.009812 0.042874
0 0.709853 0.926294 0.009527 0.016922
