0 0.524727 0.684359 0.010910 0.036591
0 0.076768 0.208131 0.026995 0.090505
0 0.789727 0.460968 0.009156 0.027251
0 0.603994 0.300578 0.009139 0.032287
0 0.163483 0.128479 0.011628 0.029546
0 0.607804 0.337819 0.014927 0.077400
0 0.558612 0.675764 0.011969 0.027956
0 0.646774 0.340208 0.015837 0.055728
0 0.794602 0.935883 0.010841 0.032874
0 0.466468 0.054483 0.018668 0.060939
0 0.684877 0.657199 0.009722 0.036010
0 0.045665 0.034080 0.006715 0.026093
0 0.533404 0.187479 0.014555 0.035532
0 0.581308 0.739550 0.007958 0.019297
0 0.378066 0.519508 0.022792 0.032437
0 0.008024 0.489114 0.010377 0.032932
0 0.189469 0.551391 0.009186 0.027272
0 0.309100 0.840125 0.009009 0.027393
0 0.492450 0.872510 0.006374 0.029319
0 0.309556 0.848505 0.010206 0.045090
0 0.135623 0.620177 0.009224 0.024438
