0 0.574069 0.355329 0.010067 0.031081
0 0.614132 0.687578 0.010341 0.028024
0 0.805473 0.452472 0.008949 0.027418
0 0.576922 0.377508 0.016206 0.076140
0 0.599984 0.687542 0.011233 0.029850
0 0.313357 0.846376 0.009192 0.031700
0 0.199725 0.531785 0.013104 0.042650
0 0.315299 0.776928 0.012169 0.035678
0 0.517095 0.716189 0.008578 0.033454
0 0.646059 0.026823 0.009370 0.047364
0 0.278701 0.150057 0.007764 0.021390
0 0.788339 0.456481 0.009025 0.029045
0 0.682887 0.860503 0.009410 0.035305
0 0.646635 0.034160 0.010532 0.060608
0 0.255433 0.090141 0.006407 0.018454
