0 0.565868 0.250402 0.017341 0.089524
0 0.359905 0.538072 0.027439 0.086970
0 0.678246 0.426941 0.012266 0.053539
0 0.532951 0.044746 0.009234 0.034954
0 0.313479 0.775085 0.012206 0.036984
0 0.364553 0.538233 0.018066 0.086469
0 0.499709 0.499362 0.009230 0.034466
0 0.797873 0.455493 0.008293 0.027441
0 0.466480 0.779501 0.013401 0.053602
0 0.208787 0.503819 0.019415 0.035707
0 0.635495 0.373142 0.007725 0.017170
0 0.311094 0.842909 0.008989 0.027765
0 0.039175 0.025826 0.009111 0.031981
0 0.323774 0.545536 0.025818 0.085872
0 0.499256 0.841233 0.015991 0.087109
0 0.556293 0.948477 0.010289 0.042498
0 0.012745 0.051946 0.015157 0.026567
0 0.036332 0.022520 0.008472 0.030115
0 0.522082 0.514365 0.009578 0.031779
0 0.103038 0.426821 0.016315 0.027938
0 0.510857 0.433316 0.009385 0.025118
0 0.562400 0.223110 0.010186 0.034821
