0 0.626196 0.338672 0.010530 0.028906
0 0.163423 0.129358 0.011709 0.030310
0 0.577989 0.587067 0.008713 0.030954
0 0.791172 0.460639 0.006596 0.025059
0 0.189313 0.550443 0.009340 0.024091
0 0.308893 0.841423 0.009673 0.030753
0 0.433994 0.669956 0.009683 0.029166
0 0.626923 0.634777 0.009072 0.029832
0 0.045166 0.033676 0.007886 0.028807
0 0.548257 0.567129 0.008703 0.029337
0 0.527605 0.323832 0.005674 0.019604
0 0.309248 0.851897 0.011512 0.052064
0 0.018624 0.034892 0.008874 0.052124
0 0.486549 0.608839 0.009039 0.031317
