0 0.513093 0.751345 0.009720 0.033702
0 0.277663 0.150416 0.007559 0.021455
0 0.576849 0.134459 0.008527 0.035932
0 0.556042 0.803395 0.008742 0.019100
0 0.314898 0.779108 0.011401 0.035652
0 0.280785 0.797916 0.010287 0.030329
0 0.294094 0.855172 0.008036 0.020231
0 0.317129 0.086912 0.008342 0.020918
0 0.640482 0.421801 0.009133 0.029059
0 0.313331 0.849365 0.009407 0.032382
0 0.302504 0.853060 0.007851 0.030236
0 0.317799 0.815512 0.008860 0.034223
0 0.484129 0.634541 0.008912 0.029497
0 0.654266 0.465386 0.014216 0.067197
