0 0.606280 0.656860 0.016597 0.078946
0 0.543008 0.868624 0.009439 0.033744
0 0.547403 0.604332 0.008804 0.030636
0 0.800115 0.926408 0.011876 0.032463
0 0.621764 0.610081 0.027234 0.096961
0 0.309905 0.839546 0.009086 0.029039
0 0.465623 0.506157 0.011412 0.027231
0 0.315637 0.193769 0.011600 0.025364
0 0.401234 0.775849 0.009345 0.039632
0 0.150476 0.089954 0.007734 0.032324
0 0.242793 0.142704 0.009800 0.028572
0 0.288479 0.753294 0.008611 0.030596
0 0.573327 0.576011 0.019679 0.072884
0 0.044593 0.034757 0.007278 0.030056
0 0.380621 0.288834 0.007840 0.025116
