0 0.163168 0.129585 0.011605 0.029533
0 0.604821 0.013426 0.009595 0.026851
0 0.789531 0.461260 0.009058 0.027260
0 0.618253 0.028954 0.007766 0.019741
0 0.625110 0.324585 0.008619 0.030526
0 0.522773 0.826177 0.009290 0.036501
0 0.595971 0.646586 0.008493 0.026187
0 0.794012 0.937437 0.011170 0.033875
0 0.007569 0.489207 0.009166 0.032113
0 0.784125 0.954721 0.014001 0.034090
0 0.684799 0.657162 0.010657 0.035584
0 0.150286 0.090628 0.007844 0.031298
0 0.044761 0.031685 0.007172 0.031199
0 0.644554 0.335467 0.009738 0.048122
0 0.678773 0.656466 0.006500 0.032863
0 0.579412 0.613779 0.012259 0.029319
0 0.042555 0.032409 0.010223 0.032213
