0 0.551375 0.336467 0.010093 0.030638
0 0.560385 0.117184 0.008550 0.039754
0 0.553083 0.465413 0.011818 0.061296
0 0.631231 0.075645 0.008796 0.026396
0 0.408147 0.734917 0.022040 0.071048
0 0.315870 0.193990 0.012615 0.029950
0 0.785283 0.957309 0.010893 0.034716
0 0.625201 0.074373 0.006012 0.028751
0 0.140567 0.091470 0.006923 0.028826
0 0.489101 0.455535 0.011546 0.035922
0 0.790824 0.461256 0.008935 0.026355
0 0.355814 0.141920 0.016921 0.047233
0 0.537704 0.898584 0.008461 0.027111
0 0.628281 0.074541 0.011025 0.029098
0 0.008842 0.493845 0.010392 0.034945
0 0.236602 0.605977 0.015596 0.033390
0 0.139298 0.090342 0.008683 0.030049
0 0.242976 0.142132 0.010086 0.032011
