0 0.502453 0.136851 0.009934 0.036340
0 0.472385 0.534628 0.010211 0.032610
0 0.273787 0.306156 0.016875 0.029612
0 0.570065 0.173732 0.008729 0.039880
0 0.309568 0.854144 0.011374 0.056912
0 0.236657 0.601519 0.016640 0.044480
0 0.496304 0.637369 0.010853 0.039761
0 0.316203 0.193528 0.012839 0.029734
0 0.007751 0.491986 0.010236 0.031381
0 0.019205 0.034553 0.010209 0.053805
0 0.410662 0.494676 0.021080 0.102786
0 0.288294 0.155940 0.007029 0.015868
0 0.140833 0.091217 0.006896 0.029514
0 0.496089 0.232957 0.009572 0.032138
0 0.583134 0.046377 0.009364 0.035491
0 0.242528 0.141716 0.010332 0.030172
0 0.169442 0.129112 0.013883 0.029542
0 0.616830 0.113284 0.009737 0.030506
0 0.790610 0.459614 0.007730 0.022506
0 0.139288 0.089521 0.008290 0.031533
