0 0.631079 0.167579 0.008197 0.033540
0 0.506047 0.520473 0.010529 0.032399
0 0.314857 0.778705 0.011844 0.036603
0 0.567533 0.142488 0.007843 0.033616
0 0.312611 0.848614 0.010065 0.035051
0 0.543012 0.520110 0.009952 0.033236
0 0.507372 0.861684 0.008360 0.028687
0 0.559651 0.208773 0.009248 0.029013
0 0.299633 0.849713 0.010636 0.033256
0 0.682731 0.861188 0.009263 0.035794
0 0.312581 0.856032 0.010137 0.049956
0 0.489444 0.540126 0.014824 0.023806
0 0.497051 0.977602 0.012596 0.038630
0 0.323006 0.729670 0.012214 0.031684
0 0.317488 0.814900 0.010104 0.033455
0 0.470045 0.777188 0.011704 0.059668
0 0.241085 0.130682 0.010347 0.034166
