0 0.277334 0.150627 0.008689 0.024275
0 0.633904 0.632237 0.013780 0.057979
0 0.313330 0.850776 0.008861 0.027189
0 0.788474 0.459156 0.010342 0.031577
0 0.542645 0.174663 0.012412 0.033639
0 0.632790 0.620824 0.010772 0.035765
0 0.699193 0.880938 0.013467 0.037814
0 0.314901 0.780811 0.010675 0.035963
0 0.699528 0.658503 0.013296 0.043051
0 0.241240 0.132174 0.009987 0.031745
0 0.270548 0.141124 0.007902 0.023651
0 0.337459 0.225115 0.018794 0.039873
0 0.677505 0.879442 0.015035 0.038177
0 0.944226 0.616393 0.007717 0.014546
0 0.323610 0.731197 0.012793 0.034354
