0 0.568755 0.467807 0.010573 0.035297
0 0.593021 0.788588 0.008319 0.038967
0 0.577404 0.794567 0.012389 0.031609
0 0.315241 0.777554 0.012303 0.035975
0 0.535008 0.488637 0.022535 0.084076
0 0.661550 0.902205 0.008785 0.026628
0 0.313232 0.847905 0.009599 0.031531
0 0.318873 0.814549 0.010949 0.033780
0 0.663681 0.902549 0.012420 0.027914
0 0.370426 0.625460 0.012285 0.035986
0 0.805484 0.453106 0.008321 0.027572
0 0.278571 0.149763 0.007921 0.021680
0 0.313672 0.857135 0.010757 0.049907
0 0.499598 0.977857 0.009504 0.040368
