0 0.626330 0.624137 0.012508 0.059155
0 0.639456 0.388652 0.010781 0.033258
0 0.549156 0.867886 0.009816 0.023466
0 0.495368 0.310537 0.008526 0.033168
0 0.163428 0.130858 0.011010 0.029836
0 0.309062 0.842971 0.009842 0.033973
0 0.682064 0.677343 0.013447 0.069314
0 0.519153 0.720853 0.008623 0.027293
0 0.018922 0.034557 0.008454 0.042336
0 0.788950 0.462308 0.009763 0.026998
0 0.673253 0.410683 0.014946 0.034945
0 0.007920 0.489916 0.009801 0.031140
0 0.549189 0.872830 0.010537 0.034920
0 0.150693 0.090489 0.008615 0.030152
0 0.617705 0.379089 0.020192 0.089002
0 0.577312 0.366126 0.010577 0.021375
