0 0.610982 0.121974 0.008307 0.038633
0 0.576900 0.347526 0.008579 0.028539
0 0.314795 0.779301 0.012117 0.036127
0 0.484796 0.329959 0.011091 0.028474
0 0.489422 0.073454 0.012726 0.040256
0 0.517375 0.373078 0.008635 0.030922
0 0.467806 0.319107 0.010417 0.028339
0 0.818726 0.989046 0.012610 0.021908
0 0.317629 0.812941 0.009020 0.029485
0 0.544359 0.933568 0.008585 0.030434
0 0.383328 0.390035 0.012536 0.031536
0 0.477323 0.193938 0.009911 0.036028
0 0.160242 0.186984 0.024679 0.079266
0 0.242232 0.129000 0.008461 0.032830
0 0.535148 0.423180 0.010621 0.029868
0 0.469510 0.311337 0.012148 0.029706
0 0.540838 0.989823 0.008862 0.020355
