0 0.573050 0.439330 0.009599 0.032096
0 0.556242 0.437948 0.012691 0.029898
0 0.592790 0.415364 0.008426 0.028877
0 0.803053 0.453310 0.007772 0.028923
0 0.539657 0.910666 0.009948 0.034929
0 0.496636 0.514694 0.017517 0.079822
0 0.594957 0.071509 0.009560 0.034724
0 0.504806 0.087341 0.010235 0.034743
0 0.313985 0.858433 0.011430 0.050367
0 0.492655 0.488093 0.009046 0.026805
0 0.697653 0.654975 0.012712 0.040361
0 0.786321 0.458343 0.009117 0.031251
0 0.588486 0.061365 0.006086 0.016703
0 0.694547 0.676194 0.017426 0.083602
