0 0.314914 0.778876 0.011250 0.036790
0 0.475235 0.068134 0.007404 0.029938
0 0.560363 0.344412 0.008633 0.035953
0 0.599039 0.019715 0.011749 0.034492
0 0.648012 0.023405 0.009646 0.041555
0 0.313143 0.849583 0.008907 0.030653
0 0.318127 0.816516 0.008607 0.035149
0 0.313173 0.855892 0.009369 0.044399
0 0.475701 0.467933 0.008873 0.030971
0 0.516047 0.729350 0.009331 0.035051
0 0.546704 0.351657 0.010606 0.025093
0 0.464464 0.421693 0.010606 0.030684
0 0.009855 0.175676 0.007548 0.034143
0 0.313370 0.862125 0.010431 0.053710
0 0.224242 0.152423 0.017788 0.020265
