0 0.627544 0.582042 0.017678 0.073083
0 0.600240 0.514461 0.021905 0.080439
0 0.309755 0.244628 0.013801 0.037978
0 0.781855 0.461392 0.009293 0.031372
0 0.403726 0.779600 0.012150 0.039681
0 0.692821 0.657123 0.010326 0.035117
0 0.539322 0.234066 0.031602 0.101800
0 0.314072 0.776713 0.013893 0.036908
0 0.041080 0.028946 0.006808 0.028013
0 0.497952 0.975594 0.010722 0.048811
0 0.411403 0.754262 0.021950 0.088602
0 0.296319 0.329279 0.013107 0.047134
0 0.241883 0.132160 0.009942 0.035999
0 0.424450 0.332977 0.017179 0.048928
0 0.310538 0.843974 0.008924 0.026552
