0 0.769877 0.970405 0.013502 0.051671
0 0.485961 0.283552 0.009799 0.034062
0 0.319388 0.776774 0.010067 0.032320
0 0.492169 0.432051 0.023198 0.072190
0 0.314447 0.809910 0.009938 0.027611
0 0.542412 0.093728 0.008602 0.027903
0 0.513910 0.200526 0.010952 0.031854
0 0.810482 0.415649 0.007928 0.028660
0 0.711811 0.322048 0.007420 0.026749
0 0.243177 0.090602 0.009274 0.028496
0 0.133950 0.593268 0.012205 0.041090
0 0.268135 0.365625 0.009682 0.032975
0 0.367963 0.444237 0.016929 0.020995
0 0.260985 0.203912 0.021836 0.025752
0 0.563165 0.838894 0.012477 0.050954
0 0.134118 0.586040 0.010893 0.025629
