0 0.286038 0.209378 0.008480 0.022235
0 0.626380 0.173548 0.011337 0.031610
0 0.450881 0.483343 0.023951 0.071466
0 0.606280 0.511584 0.009211 0.033834
0 0.529131 0.890791 0.008968 0.033622
0 0.163347 0.128802 0.011622 0.029480
0 0.547751 0.960275 0.021723 0.077660
0 0.636178 0.602042 0.007929 0.029224
0 0.581833 0.444861 0.009465 0.030910
0 0.789062 0.459545 0.009059 0.022098
0 0.791137 0.457754 0.006404 0.022253
0 0.795085 0.933388 0.010702 0.033073
0 0.018872 0.036702 0.007195 0.036458
0 0.539969 0.748846 0.015367 0.031908
0 0.772953 0.490534 0.009549 0.024908
0 0.019167 0.030945 0.008610 0.045570
0 0.784348 0.952773 0.011296 0.035165
0 0.405197 0.760012 0.022642 0.075630
0 0.563008 0.442649 0.009004 0.031675
