0 0.521048 0.898470 0.008503 0.031389
0 0.615405 0.054780 0.008859 0.032918
0 0.501596 0.142604 0.007370 0.034337
0 0.582718 0.025414 0.009193 0.038605
0 0.312327 0.842406 0.009029 0.029076
0 0.511021 0.509586 0.009425 0.027264
0 0.518348 0.823363 0.009179 0.033132
0 0.231990 0.540577 0.011210 0.019217
0 0.312172 0.852227 0.010544 0.050300
0 0.381208 0.311531 0.017192 0.068097
0 0.314472 0.773813 0.012740 0.035869
0 0.873042 0.961512 0.012935 0.031221
0 0.495903 0.817646 0.009510 0.033261
0 0.317166 0.810127 0.010538 0.031776
0 0.007064 0.489866 0.008464 0.034578
0 0.654813 0.320363 0.007831 0.017183
0 0.038568 0.022424 0.010322 0.034928
0 0.153545 0.086650 0.010922 0.034643
