0 0.650749 0.059909 0.029159 0.081866
0 0.310156 0.841101 0.008606 0.027291
0 0.538882 0.678661 0.016529 0.092642
0 0.505568 0.700471 0.009363 0.037157
0 0.102619 0.027646 0.012251 0.036008
0 0.315522 0.810338 0.010446 0.032372
0 0.018527 0.022825 0.009875 0.034097
0 0.666322 0.874720 0.013730 0.038009
0 0.793422 0.459113 0.008388 0.026349
0 0.644142 0.320006 0.010591 0.025192
0 0.007060 0.491464 0.009919 0.032926
0 0.536403 0.649512 0.013233 0.035283
0 0.650708 0.095003 0.030142 0.153356
0 0.002864 0.201121 0.005656 0.053182
0 0.313171 0.775568 0.011260 0.036141
0 0.310080 0.850539 0.010448 0.047226
0 0.523654 0.328721 0.018322 0.020072
