0 0.561203 0.808737 0.009634 0.034071
0 0.464106 0.396692 0.011308 0.033669
0 0.550011 0.865136 0.009603 0.033421
0 0.458098 0.447698 0.007604 0.028132
0 0.820353 0.989624 0.013329 0.020752
0 0.580956 0.174082 0.008480 0.032127
0 0.314631 0.779003 0.011545 0.036063
0 0.620701 0.215640 0.010035 0.035998
0 0.956502 0.682799 0.006888 0.016375
0 0.311779 0.848655 0.009723 0.033604
0 0.273545 0.154929 0.019347 0.036019
0 0.616359 0.027171 0.012507 0.054341
0 0.317509 0.812933 0.009453 0.028842
0 0.241812 0.130077 0.008357 0.030803
0 0.282927 0.850014 0.011353 0.042204
0 0.558091 0.525071 0.011414 0.033623
0 0.499091 0.978329 0.010173 0.040151
0 0.583662 0.200572 0.015242 0.085860
