0 0.610779 0.019274 0.009242 0.032237
0 0.521676 0.770566 0.013814 0.050582
0 0.622574 0.605703 0.018252 0.080019
0 0.314749 0.778808 0.011297 0.035634
0 0.313140 0.848356 0.008864 0.030092
0 0.506240 0.112836 0.008669 0.032807
0 0.646527 0.038300 0.010931 0.064151
0 0.558832 0.376167 0.010495 0.031412
0 0.556584 0.099344 0.013657 0.033299
0 0.278417 0.151418 0.007930 0.021352
0 0.683577 0.864986 0.009534 0.038525
0 0.610801 0.230278 0.009731 0.033845
0 0.243041 0.131196 0.011679 0.032139
0 0.499330 0.978521 0.009412 0.037629
0 0.317873 0.815437 0.009510 0.033178
0 0.622749 0.360798 0.011281 0.035814
0 0.645830 0.028437 0.009282 0.045418
0 0.027897 0.019436 0.008255 0.031598
