0 0.553085 0.394207 0.008600 0.031956
0 0.507155 0.393712 0.009838 0.032337
0 0.493863 0.367685 0.010230 0.030064
0 0.476362 0.303288 0.008766 0.031100
0 0.502168 0.277919 0.009867 0.035138
0 0.741578 0.849550 0.017113 0.059460
0 0.481314 0.395225 0.007347 0.024187
0 0.163505 0.128697 0.011480 0.029450
0 0.309257 0.844024 0.009793 0.039280
0 0.309763 0.849825 0.011134 0.050777
0 0.790679 0.460177 0.006851 0.026000
0 0.498414 0.134439 0.008291 0.032697
0 0.739681 0.863295 0.011523 0.029788
0 0.675547 0.410900 0.016187 0.028833
0 0.512421 0.349063 0.008655 0.028506
