0 0.596344 0.122610 0.009000 0.033832
0 0.597372 0.758123 0.011169 0.032398
0 0.094819 0.368334 0.014851 0.047800
0 0.278470 0.150002 0.008302 0.025537
0 0.587341 0.742494 0.009263 0.030254
0 0.770269 0.697264 0.030746 0.069428
0 0.315290 0.777010 0.012001 0.035562
0 0.313029 0.846199 0.008824 0.031256
0 0.805867 0.452169 0.008687 0.024983
0 0.585807 0.747018 0.011236 0.037370
0 0.852725 0.965063 0.014087 0.032085
0 0.509944 0.981663 0.008659 0.031961
0 0.635313 0.325746 0.015827 0.081354
0 0.368811 0.346594 0.024550 0.060782
0 0.242024 0.128029 0.010986 0.033286
0 0.302865 0.847705 0.008510 0.021999
0 0.543303 0.172495 0.012164 0.036983
0 0.499007 0.977029 0.008587 0.039482
0 0.682964 0.859975 0.009019 0.035612
