0 0.631886 0.628343 0.011381 0.048953
0 0.686291 0.677591 0.017448 0.074922
0 0.597570 0.086170 0.010597 0.029885
0 0.310606 0.840648 0.009133 0.028407
0 0.793692 0.458744 0.008816 0.027106
0 0.511516 0.980730 0.009825 0.037465
0 0.312542 0.774452 0.011362 0.036585
0 0.555206 0.963838 0.012413 0.064950
0 0.537022 0.183101 0.011633 0.033107
0 0.310221 0.845027 0.009420 0.038686
0 0.037196 0.023300 0.006782 0.029693
0 0.260850 0.142275 0.006512 0.019458
0 0.006698 0.491389 0.009324 0.032904
0 0.471236 0.390727 0.012629 0.036819
0 0.041984 0.030753 0.007396 0.029511
