0 0.605024 0.496603 0.021349 0.091221
0 0.497506 0.306902 0.008107 0.032030
0 0.459922 0.427824 0.008703 0.028296
0 0.645342 0.594416 0.021228 0.053943
0 0.010561 0.490705 0.008795 0.029715
0 0.584370 0.130051 0.009910 0.036476
0 0.462625 0.256230 0.004786 0.018637
0 0.606829 0.300364 0.008687 0.030252
0 0.576776 0.553990 0.009900 0.030825
0 0.463302 0.782969 0.015099 0.065160
0 0.563298 0.528101 0.022360 0.080756
0 0.009877 0.494193 0.009652 0.036796
0 0.038681 0.152065 0.020623 0.076774
0 0.243868 0.143649 0.009922 0.031359
0 0.549200 0.982339 0.009350 0.035323
0 0.510553 0.422685 0.014986 0.032418
0 0.154919 0.098462 0.010925 0.030735
0 0.453522 0.256170 0.004848 0.018546
0 0.643349 0.407840 0.013383 0.026676
