0 0.557122 0.847190 0.018424 0.075526
0 0.588312 0.384971 0.009553 0.032204
0 0.314213 0.777063 0.012812 0.035968
0 0.524178 0.867659 0.018477 0.082937
0 0.559297 0.691338 0.010831 0.028625
0 0.152020 0.250109 0.024202 0.086427
0 0.466925 0.783971 0.012203 0.047508
0 0.782287 0.460682 0.009746 0.030073
0 0.311930 0.846515 0.009705 0.033288
0 0.520063 0.843598 0.010210 0.032859
0 0.616861 0.602190 0.009440 0.042085
0 0.312467 0.855394 0.011512 0.052920
0 0.039636 0.026154 0.008935 0.032204
0 0.041028 0.027449 0.007699 0.031601
0 0.439019 0.280399 0.010071 0.025471
0 0.538877 0.180176 0.012436 0.031002
0 0.036458 0.025439 0.009953 0.032460
0 0.664105 0.088585 0.007498 0.023992
