0 0.536632 0.955185 0.008977 0.033421
0 0.555146 0.960602 0.012070 0.061717
0 0.631806 0.627777 0.011186 0.049179
0 0.491991 0.362234 0.009565 0.033902
0 0.174041 0.236618 0.025845 0.084069
0 0.006724 0.491028 0.009340 0.032575
0 0.166859 0.208184 0.011327 0.033390
0 0.794170 0.459096 0.007580 0.027149
0 0.042256 0.031258 0.007244 0.027557
0 0.102070 0.026566 0.011015 0.036385
0 0.656372 0.392544 0.013920 0.032166
0 0.688472 0.657058 0.012972 0.035896
0 0.037312 0.022789 0.006576 0.028759
0 0.667160 0.874601 0.012438 0.037336
0 0.536595 0.182736 0.011927 0.032432
