0 0.635348 0.630547 0.017086 0.062297
0 0.277422 0.150487 0.008218 0.023259
0 0.313632 0.851296 0.009873 0.030151
0 0.586577 0.577689 0.012314 0.029473
0 0.652499 0.390411 0.012769 0.029604
0 0.340331 0.263844 0.020606 0.073922
0 0.700923 0.886969 0.016653 0.047442
0 0.788916 0.459141 0.010347 0.030717
0 0.318322 0.818087 0.010267 0.037043
0 0.314964 0.780425 0.009925 0.036235
0 0.406978 0.779623 0.012098 0.039601
0 0.270783 0.141446 0.008720 0.025759
0 0.470868 0.780894 0.012958 0.060498
0 0.645931 0.026679 0.009051 0.042281
0 0.302148 0.855448 0.007984 0.025606
0 0.730910 0.548584 0.018441 0.076448
