0 0.598298 0.377067 0.009969 0.036000
0 0.561127 0.532723 0.012531 0.032087
0 0.798711 0.932873 0.015957 0.040180
0 0.553397 0.276197 0.009488 0.033392
0 0.481829 0.642099 0.012821 0.032521
0 0.461446 0.469061 0.009647 0.030175
0 0.790640 0.460474 0.008639 0.025806
0 0.547737 0.497418 0.005764 0.016500
0 0.163491 0.131446 0.011828 0.031466
0 0.510707 0.153809 0.008421 0.031013
0 0.394863 0.305376 0.006279 0.023880
0 0.163012 0.127505 0.010827 0.023230
0 0.799488 0.939856 0.017854 0.055920
0 0.785571 0.955005 0.011497 0.034342
0 0.007889 0.492236 0.010421 0.031643
0 0.509806 0.367340 0.019982 0.068803
0 0.534974 0.186319 0.011735 0.034194
0 0.515138 0.190543 0.009080 0.034567
