0 0.367297 0.370884 0.023240 0.081160
0 0.357096 0.303135 0.025711 0.078135
0 0.555754 0.573492 0.011798 0.030782
0 0.500384 0.339767 0.010302 0.028990
0 0.561798 0.403089 0.008101 0.028937
0 0.685422 0.412339 0.009909 0.026251
0 0.309627 0.854816 0.011816 0.054835
0 0.790836 0.461704 0.007548 0.025971
0 0.309202 0.844429 0.010190 0.033423
0 0.007939 0.491854 0.009502 0.030622
0 0.581850 0.809297 0.012213 0.049989
0 0.495551 0.455137 0.023845 0.089719
0 0.466935 0.056414 0.013270 0.028635
0 0.272270 0.155973 0.008158 0.023709
0 0.580859 0.803167 0.009795 0.036928
0 0.564993 0.428928 0.015518 0.084147
0 0.490032 0.422020 0.012038 0.024350
