0 0.813829 0.958276 0.015068 0.079963
0 0.148207 0.217897 0.028399 0.051026
0 0.795890 0.938506 0.011358 0.036289
0 0.162226 0.130227 0.011947 0.029977
0 0.784474 0.955120 0.011953 0.033510
0 0.007556 0.491518 0.007782 0.029677
0 0.615010 0.623638 0.013211 0.026573
0 0.151213 0.094813 0.011077 0.031777
0 0.789279 0.461550 0.010839 0.026303
0 0.309115 0.844470 0.010500 0.034970
0 0.255970 0.576640 0.010825 0.032272
0 0.018304 0.036633 0.009006 0.050806
0 0.813187 0.946804 0.013654 0.057249
0 0.055427 0.526809 0.013817 0.036009
