0 0.565802 0.322439 0.018557 0.086989
0 0.555800 0.964840 0.016683 0.069979
0 0.904626 0.688587 0.013179 0.030315
0 0.780127 0.464311 0.009948 0.024282
0 0.543683 0.323298 0.008332 0.033913
0 0.555933 0.825872 0.011885 0.029862
0 0.530177 0.951569 0.009946 0.036281
0 0.561021 0.029843 0.016289 0.028515
0 0.313558 0.774140 0.013192 0.036595
0 0.562724 0.295045 0.011596 0.032822
0 0.640531 0.336834 0.012010 0.033379
0 0.202799 0.074800 0.006617 0.021552
0 0.315650 0.808593 0.011418 0.030953
0 0.591072 0.010780 0.008426 0.021560
0 0.615590 0.035832 0.015497 0.071664
0 0.311271 0.842152 0.010460 0.030602
0 0.526609 0.370878 0.021515 0.032484
0 0.261178 0.137854 0.006855 0.021559
0 0.788066 0.959197 0.009702 0.032059
0 0.487679 0.505035 0.009688 0.033675
0 0.101705 0.021077 0.011395 0.036719
0 0.524310 0.087966 0.009383 0.032643
0 0.539051 0.180549 0.012198 0.028907
0 0.466421 0.778147 0.013424 0.056258
0 0.527369 0.389409 0.023519 0.068361
0 0.311667 0.854080 0.012469 0.056588
0 0.557489 0.846990 0.016063 0.070240
0 0.693150 0.654535 0.011147 0.037454
