0 0.783031 0.952743 0.011785 0.041647
0 0.601163 0.203918 0.010286 0.034344
0 0.585883 0.584664 0.010250 0.032731
0 0.540994 0.509550 0.009518 0.030996
0 0.310067 0.849443 0.010673 0.054159
0 0.663981 0.872600 0.011856 0.036737
0 0.541168 0.515033 0.010215 0.041669
0 0.622358 0.016817 0.010180 0.033635
0 0.791414 0.460262 0.007070 0.024313
0 0.315386 0.807293 0.010407 0.031001
0 0.164214 0.127900 0.011437 0.029776
0 0.121647 0.069694 0.012855 0.030346
0 0.538190 0.735246 0.013087 0.028267
0 0.685332 0.656487 0.010216 0.034444
