0 0.525994 0.855268 0.018085 0.093014
0 0.556336 0.320167 0.011576 0.034038
0 0.412238 0.528546 0.028839 0.082677
0 0.543361 0.299725 0.008552 0.034240
0 0.611570 0.057695 0.007991 0.027949
0 0.163923 0.131380 0.011602 0.030690
0 0.393281 0.267762 0.011874 0.038187
0 0.310392 0.848824 0.010168 0.045451
0 0.510754 0.987395 0.008956 0.025210
0 0.791027 0.460746 0.008511 0.026826
0 0.312274 0.775535 0.012097 0.036251
0 0.656796 0.411975 0.009988 0.025103
0 0.019262 0.034390 0.009866 0.052516
0 0.243396 0.142334 0.009744 0.030670
0 0.315874 0.193984 0.013455 0.029703
0 0.341964 0.343842 0.030891 0.067606
0 0.657237 0.415856 0.010096 0.030720
0 0.739378 0.604819 0.021050 0.086403
