0 0.602217 0.633087 0.009170 0.030823
0 0.522056 0.088105 0.010802 0.038400
0 0.693110 0.675695 0.017152 0.086382
0 0.499424 0.666431 0.009786 0.032678
0 0.573414 0.052646 0.008474 0.029318
0 0.468697 0.782487 0.013637 0.052362
0 0.622144 0.046051 0.007058 0.020312
0 0.242261 0.131443 0.009503 0.033016
0 0.503303 0.695691 0.017419 0.089220
0 0.117647 0.062276 0.011426 0.031376
0 0.313308 0.855521 0.011907 0.051527
0 0.312518 0.848021 0.009745 0.035383
0 0.314444 0.776813 0.012316 0.036013
0 0.802832 0.454364 0.007798 0.027083
0 0.061278 0.169434 0.029642 0.084844
0 0.065108 0.173915 0.021935 0.076188
