0 0.564939 0.671595 0.020434 0.092240
0 0.630795 0.180375 0.008058 0.033623
0 0.600599 0.543692 0.018217 0.077753
0 0.686936 0.676271 0.016517 0.079060
0 0.795303 0.458710 0.008300 0.027599
0 0.313125 0.774127 0.012635 0.036605
0 0.597181 0.521710 0.010691 0.033569
0 0.310895 0.841585 0.010893 0.027747
0 0.018716 0.015315 0.009756 0.026665
0 0.659873 0.542306 0.007823 0.017551
0 0.315717 0.809216 0.011677 0.032925
0 0.038243 0.021552 0.007981 0.028239
0 0.007132 0.491510 0.009589 0.034619
0 0.689300 0.656263 0.012216 0.037896
0 0.508569 0.176871 0.011762 0.037721
