0 0.561261 0.224707 0.009738 0.032804
0 0.798704 0.933818 0.016482 0.041459
0 0.481115 0.634618 0.008755 0.026205
0 0.684384 0.678059 0.011671 0.071791
0 0.485282 0.574584 0.011609 0.030827
0 0.603136 0.249675 0.008921 0.034050
0 0.495627 0.279992 0.009614 0.033545
0 0.499432 0.312461 0.009747 0.033737
0 0.790900 0.460083 0.008012 0.025340
0 0.464245 0.581203 0.013317 0.031919
0 0.548481 0.185483 0.008670 0.030187
0 0.163442 0.131892 0.011504 0.031048
0 0.535172 0.186623 0.012250 0.034446
0 0.309570 0.846768 0.009858 0.037841
0 0.785164 0.953289 0.010962 0.030440
0 0.007990 0.492609 0.010570 0.031602
0 0.140696 0.090625 0.007213 0.028558
0 0.204408 0.575484 0.011661 0.026091
