0 0.451273 0.412035 0.009149 0.033141
0 0.569936 0.742545 0.019181 0.087475
0 0.582306 0.165331 0.009344 0.032033
0 0.805384 0.453142 0.008804 0.028481
0 0.443922 0.113572 0.012595 0.025433
0 0.605420 0.440881 0.009852 0.025773
0 0.394849 0.778101 0.008807 0.025225
0 0.510791 0.983189 0.007994 0.033511
0 0.314799 0.780349 0.010088 0.036566
0 0.501486 0.556401 0.012914 0.033169
0 0.406724 0.780381 0.011755 0.040185
0 0.789403 0.458179 0.010980 0.030261
0 0.500843 0.980248 0.009098 0.035494
0 0.313913 0.851020 0.010353 0.028884
0 0.318671 0.818290 0.011226 0.037325
0 0.452574 0.097900 0.007068 0.018351
0 0.697237 0.678271 0.016846 0.082600
0 0.277179 0.151313 0.007940 0.021467
0 0.684201 0.861014 0.008960 0.032760
0 0.645403 0.024973 0.008662 0.041396
0 0.699525 0.665357 0.013617 0.056916
0 0.693781 0.918614 0.006724 0.023098
