0 0.541358 0.326121 0.012918 0.031998
0 0.541828 0.422917 0.009394 0.038519
0 0.545976 0.446548 0.016520 0.089690
0 0.311941 0.859040 0.012296 0.054573
0 0.592949 0.599494 0.014082 0.033927
0 0.639815 0.026106 0.009021 0.034179
0 0.744237 0.898090 0.013131 0.027239
0 0.040909 0.026850 0.007294 0.033429
0 0.594373 0.043151 0.008067 0.020013
0 0.228963 0.253542 0.028577 0.084344
0 0.782303 0.459699 0.009690 0.031719
0 0.314008 0.777948 0.014218 0.035954
0 0.038891 0.026639 0.007260 0.032193
0 0.046529 0.025942 0.008841 0.034681
0 0.315828 0.814139 0.011235 0.030430
