0 0.520764 0.564269 0.009402 0.039398
0 0.530814 0.322931 0.014297 0.028986
0 0.476692 0.300634 0.006826 0.022250
0 0.545849 0.271630 0.008710 0.031503
0 0.609219 0.103985 0.007693 0.027112
0 0.315662 0.194473 0.012452 0.028270
0 0.165243 0.061883 0.018188 0.031197
0 0.790728 0.461268 0.008190 0.025013
0 0.008526 0.494138 0.010459 0.033266
0 0.499557 0.139567 0.010008 0.037251
0 0.785315 0.956371 0.012030 0.034677
0 0.535250 0.382097 0.012269 0.024732
0 0.232557 0.295387 0.025537 0.091469
0 0.138669 0.088343 0.008576 0.033940
