0 0.644251 0.346622 0.010199 0.037429
0 0.574429 0.346593 0.008701 0.029954
0 0.589941 0.724432 0.009357 0.025693
0 0.522247 0.814640 0.008097 0.033530
0 0.313063 0.845824 0.008516 0.030168
0 0.491034 0.815447 0.008366 0.021877
0 0.315444 0.777115 0.013054 0.035201
0 0.805711 0.452058 0.009058 0.023767
0 0.602296 0.728291 0.008471 0.029125
0 0.278424 0.150959 0.008158 0.022432
0 0.302556 0.847864 0.007809 0.020768
0 0.373852 0.400830 0.008767 0.021436
0 0.788489 0.457306 0.008687 0.027759
0 0.027375 0.018228 0.007979 0.030355
0 0.682891 0.860450 0.009425 0.035266
