0 0.602620 0.056573 0.008610 0.036240
0 0.533816 0.767043 0.015184 0.033188
0 0.543197 0.293096 0.010757 0.028890
0 0.611791 0.262211 0.009997 0.032789
0 0.013742 0.167765 0.022126 0.105283
0 0.623083 0.499154 0.022533 0.086631
0 0.683262 0.672293 0.013737 0.072961
0 0.290193 0.663397 0.009922 0.027728
0 0.789279 0.458440 0.009140 0.023504
0 0.621652 0.181327 0.008895 0.020970
0 0.790955 0.455514 0.006821 0.025760
0 0.162458 0.128372 0.011706 0.029588
0 0.584269 0.151879 0.008758 0.036063
0 0.463059 0.444962 0.009421 0.029105
0 0.785018 0.949721 0.010297 0.034007
0 0.018412 0.030100 0.010252 0.046366
0 0.772929 0.489281 0.010634 0.026261
