0 0.580362 0.222732 0.009132 0.029153
0 0.589120 0.437681 0.014964 0.052372
0 0.574966 0.036092 0.008581 0.028843
0 0.629217 0.837599 0.017008 0.069996
0 0.586692 0.431678 0.010544 0.040560
0 0.664145 0.874868 0.012716 0.037933
0 0.008080 0.491419 0.008810 0.031602
0 0.315904 0.192438 0.013126 0.031533
0 0.187804 0.551326 0.012147 0.034279
0 0.678338 0.882240 0.009502 0.033735
0 0.542370 0.091189 0.010799 0.035362
0 0.790976 0.460670 0.008709 0.025756
0 0.161470 0.132017 0.015694 0.029988
0 0.102399 0.571154 0.009688 0.022340
0 0.468469 0.252855 0.005926 0.019240
