0 0.474304 0.468434 0.019799 0.070841
0 0.541513 0.933021 0.009846 0.030181
0 0.665290 0.490100 0.010655 0.032844
0 0.805667 0.454329 0.008902 0.028642
0 0.315482 0.781503 0.011422 0.035899
0 0.538602 0.296627 0.014998 0.029428
0 0.500685 0.979372 0.008579 0.037912
0 0.277601 0.151550 0.008034 0.025171
0 0.754047 0.608572 0.014747 0.017211
0 0.473420 0.039391 0.010685 0.037166
0 0.789125 0.458548 0.010576 0.031152
0 0.254018 0.179459 0.015044 0.023916
0 0.506258 0.478135 0.009858 0.033845
0 0.520476 0.845328 0.010392 0.036360
0 0.313520 0.850556 0.009641 0.029870
0 0.158286 0.152770 0.013586 0.035559
0 0.684363 0.863314 0.009209 0.035880
0 0.704481 0.586965 0.012019 0.054095
0 0.318524 0.818538 0.009229 0.038291
0 0.544201 0.950729 0.015215 0.065995
0 0.646542 0.044602 0.011251 0.072467
0 0.410212 0.717935 0.009820 0.031521
0 0.098246 0.026603 0.012063 0.046406
0 0.498308 0.294138 0.009924 0.021873
0 0.520361 0.017774 0.009925 0.032870
