0 0.380760 0.425939 0.020797 0.082366
0 0.793830 0.457461 0.007971 0.025251
0 0.526513 0.941959 0.009258 0.036063
0 0.006502 0.141222 0.012817 0.074252
0 0.554480 0.959091 0.012706 0.058980
0 0.314923 0.806601 0.009483 0.028896
0 0.310714 0.851231 0.012839 0.053183
0 0.310181 0.844235 0.011582 0.038824
0 0.492202 0.544411 0.012031 0.057912
0 0.038190 0.022477 0.008444 0.034770
0 0.153699 0.089073 0.007592 0.032040
0 0.006302 0.488466 0.010774 0.034169
0 0.537376 0.180072 0.012400 0.034930
0 0.134657 0.624746 0.011427 0.036751
