0 0.505894 0.342355 0.010501 0.033133
0 0.007678 0.493356 0.009445 0.030735
0 0.570168 0.343804 0.007973 0.033834
0 0.165267 0.140456 0.011840 0.037593
0 0.784910 0.956395 0.011866 0.034919
0 0.571371 0.051684 0.007066 0.019142
0 0.243262 0.267266 0.016822 0.020912
0 0.311387 0.775573 0.012329 0.036461
0 0.236577 0.606863 0.016131 0.035165
0 0.102421 0.571784 0.009971 0.023017
0 0.356532 0.720615 0.029534 0.092268
0 0.510109 0.862551 0.008752 0.036226
0 0.260697 0.618690 0.012468 0.033080
0 0.309343 0.843838 0.010117 0.031167
