0 0.509352 0.412527 0.009893 0.032803
0 0.514732 0.990903 0.013163 0.018194
0 0.541214 0.975465 0.012310 0.047702
0 0.464222 0.091473 0.011308 0.036775
0 0.510543 0.877513 0.014380 0.032934
0 0.462059 0.264705 0.018774 0.024215
0 0.315043 0.780798 0.010174 0.036039
0 0.805763 0.452670 0.008297 0.023065
0 0.699005 0.662354 0.013092 0.051782
0 0.277433 0.151584 0.008164 0.024540
0 0.318379 0.817751 0.010651 0.036469
0 0.697078 0.678834 0.016723 0.083434
0 0.314001 0.849854 0.010522 0.029562
0 0.515765 0.330305 0.016332 0.023950
0 0.230469 0.158904 0.013133 0.026926
0 0.513129 0.294175 0.009813 0.023325
