0 0.568062 0.290616 0.018407 0.102088
0 0.688574 0.443382 0.014436 0.025902
0 0.785078 0.956907 0.011519 0.035613
0 0.756064 0.964746 0.008133 0.032837
0 0.664087 0.875206 0.012914 0.038883
0 0.463058 0.784356 0.014458 0.065145
0 0.309861 0.844977 0.009729 0.035974
0 0.755444 0.969397 0.009263 0.041197
0 0.310294 0.851872 0.010398 0.050616
0 0.536264 0.300519 0.013140 0.032445
0 0.678148 0.881783 0.009186 0.032856
0 0.685526 0.665597 0.010509 0.049161
0 0.441479 0.243413 0.014082 0.039703
0 0.319620 0.192738 0.018923 0.029585
0 0.684676 0.675378 0.012349 0.069161
0 0.150042 0.090127 0.008214 0.029372
0 0.401678 0.775900 0.014617 0.043923
0 0.683001 0.679351 0.015881 0.078056
