0 0.552355 0.633748 0.008791 0.026792
0 0.790889 0.461085 0.007741 0.028185
0 0.163917 0.130160 0.011521 0.030508
0 0.627046 0.624862 0.009857 0.034589
0 0.309867 0.840847 0.010564 0.032632
0 0.577349 0.578613 0.008863 0.032531
0 0.043344 0.032625 0.010369 0.032605
0 0.627416 0.632511 0.010782 0.050395
0 0.735587 0.592507 0.021500 0.084668
0 0.614748 0.644487 0.013117 0.034808
0 0.150023 0.089670 0.007234 0.027605
0 0.586058 0.535685 0.009706 0.028233
0 0.583315 0.012220 0.010044 0.024441
0 0.258668 0.697815 0.007492 0.025820
0 0.309826 0.851468 0.011352 0.053755
