0 0.586353 0.389199 0.009143 0.037820
0 0.664109 0.463785 0.018593 0.030032
0 0.540786 0.378747 0.011927 0.030311
0 0.162461 0.128969 0.011370 0.028561
0 0.508428 0.717966 0.008597 0.028189
0 0.592527 0.584966 0.012021 0.027949
0 0.789644 0.460200 0.008876 0.027679
0 0.581322 0.586547 0.009313 0.027889
0 0.603448 0.037662 0.010090 0.033969
0 0.364529 0.454194 0.008391 0.028713
0 0.684585 0.656928 0.011293 0.036571
0 0.551338 0.714828 0.012826 0.025508
0 0.783645 0.954709 0.011018 0.033966
0 0.308986 0.841551 0.010497 0.031892
0 0.663953 0.470499 0.019128 0.044677
