0 0.602567 0.017165 0.008496 0.032510
0 0.594702 0.278443 0.008553 0.030638
0 0.328893 0.220707 0.009232 0.032081
0 0.555982 0.391963 0.010256 0.032857
0 0.312126 0.854929 0.010196 0.050250
0 0.311716 0.849904 0.009094 0.039320
0 0.005387 0.492584 0.010114 0.032097
0 0.039606 0.025880 0.009016 0.031736
0 0.314466 0.776184 0.013491 0.035572
0 0.041159 0.027599 0.007680 0.030138
0 0.425460 0.251295 0.005153 0.017019
0 0.036102 0.024920 0.009716 0.032353
0 0.093115 0.341649 0.018580 0.024942
0 0.793889 0.487600 0.009467 0.028154
0 0.480488 0.010145 0.007288 0.018064
