0 0.566942 0.126572 0.010049 0.039325
0 0.603837 0.632835 0.008412 0.026795
0 0.389078 0.704131 0.008923 0.033206
0 0.616979 0.636659 0.008860 0.037703
0 0.632507 0.029333 0.016462 0.058666
0 0.311219 0.854098 0.011578 0.055928
0 0.083133 0.190749 0.025600 0.034703
0 0.463393 0.782722 0.014722 0.063068
0 0.642803 0.546791 0.008050 0.026789
0 0.386283 0.357460 0.012550 0.019665
0 0.243935 0.143417 0.010251 0.031652
0 0.603050 0.058984 0.014989 0.078828
0 0.010449 0.489395 0.008523 0.027427
0 0.111300 0.542002 0.007389 0.032505
