0 0.619462 0.219472 0.009045 0.031238
0 0.517360 0.987333 0.008515 0.025333
0 0.611650 0.057225 0.008866 0.035547
0 0.499265 0.979896 0.009349 0.038045
0 0.315188 0.779326 0.011831 0.035087
0 0.242535 0.131466 0.010429 0.032282
0 0.277892 0.152332 0.008702 0.022942
0 0.626399 0.332256 0.009666 0.034168
0 0.553580 0.398076 0.009769 0.025312
0 0.300891 0.726362 0.010897 0.026215
0 0.312801 0.849298 0.008591 0.028549
0 0.518107 0.711814 0.016377 0.049703
0 0.804949 0.454448 0.009450 0.028389
0 0.645591 0.036310 0.009357 0.057157
0 0.597825 0.683339 0.011833 0.031003
0 0.788413 0.458972 0.009003 0.031106
