0 0.553828 0.480554 0.009418 0.027970
0 0.465584 0.340248 0.009080 0.034370
0 0.547569 0.320713 0.008702 0.028594
0 0.590190 0.482535 0.010173 0.033984
0 0.498167 0.820918 0.009108 0.031159
0 0.163527 0.131805 0.011742 0.031299
0 0.785346 0.955975 0.011377 0.035411
0 0.798375 0.932399 0.014708 0.038895
0 0.007961 0.492168 0.010030 0.031496
0 0.800446 0.943650 0.019336 0.062245
0 0.316012 0.192035 0.012487 0.028139
0 0.558067 0.414747 0.008121 0.028555
0 0.799459 0.935901 0.017969 0.047771
0 0.791034 0.460227 0.007756 0.023057
