0 0.630925 0.619783 0.010053 0.035773
0 0.314955 0.779991 0.011215 0.037011
0 0.312852 0.849850 0.007645 0.026907
0 0.277487 0.150785 0.008376 0.021686
0 0.683605 0.860044 0.008130 0.029968
0 0.499424 0.978405 0.009879 0.041008
0 0.645425 0.026076 0.008584 0.041309
0 0.336152 0.221432 0.011397 0.029544
0 0.805630 0.453340 0.008187 0.024615
0 0.872775 0.683789 0.012093 0.049418
0 0.330861 0.332306 0.021834 0.076813
0 0.631763 0.624674 0.011402 0.043532
0 0.665252 0.907115 0.009540 0.022413
0 0.323533 0.730318 0.011554 0.030423
