0 0.594896 0.172154 0.009875 0.038842
0 0.594122 0.033439 0.008028 0.030892
0 0.615153 0.247746 0.008476 0.035569
0 0.162703 0.128691 0.011135 0.029727
0 0.351112 0.221228 0.007693 0.021551
0 0.789501 0.462430 0.009527 0.028626
0 0.529016 0.987561 0.008881 0.024878
0 0.606610 0.032018 0.007497 0.017336
0 0.544136 0.497332 0.013026 0.034386
0 0.355094 0.146069 0.019153 0.047175
0 0.257064 0.697121 0.007865 0.024968
0 0.308074 0.841762 0.010307 0.033741
0 0.314236 0.808473 0.010577 0.032907
0 0.794833 0.936367 0.012858 0.033135
