0 0.780550 0.946283 0.009483 0.043262
0 0.794656 0.936560 0.011843 0.032903
0 0.505418 0.039281 0.009277 0.031856
0 0.683685 0.672323 0.013181 0.072287
0 0.164113 0.128797 0.011731 0.030335
0 0.573240 0.217247 0.010118 0.032719
0 0.587903 0.571852 0.011351 0.030227
0 0.559056 0.306999 0.009211 0.032158
0 0.150191 0.089760 0.007042 0.028702
0 0.310598 0.849274 0.010858 0.052505
0 0.791715 0.459092 0.007388 0.026295
0 0.310262 0.837296 0.009031 0.028627
0 0.641919 0.336835 0.008724 0.044917
0 0.488789 0.873964 0.007765 0.028673
0 0.645939 0.334773 0.015310 0.049859
