0 0.442384 0.555252 0.021676 0.092472
0 0.260586 0.281759 0.027204 0.097451
0 0.244001 0.139666 0.010311 0.031966
0 0.474894 0.469226 0.014860 0.065551
0 0.310636 0.849935 0.011832 0.055822
0 0.548805 0.273549 0.008651 0.034385
0 0.550247 0.487326 0.010017 0.031749
0 0.248540 0.569087 0.010574 0.031023
0 0.326822 0.580675 0.012601 0.032405
0 0.501531 0.479393 0.014652 0.031754
0 0.249826 0.564536 0.013287 0.048183
0 0.150886 0.089775 0.007967 0.029395
0 0.318332 0.186278 0.013075 0.027808
0 0.505527 0.509953 0.018050 0.094807
