0 0.577504 0.266608 0.009956 0.035365
0 0.684468 0.670851 0.012664 0.058848
0 0.511490 0.403939 0.009338 0.031166
0 0.539305 0.792893 0.014455 0.051513
0 0.008523 0.491593 0.009806 0.031414
0 0.309531 0.847750 0.010119 0.041253
0 0.165341 0.139173 0.011796 0.039505
0 0.243875 0.142430 0.009429 0.030654
0 0.463133 0.781568 0.014620 0.061223
0 0.469783 0.280179 0.010435 0.033310
0 0.790996 0.460620 0.007609 0.023668
0 0.164755 0.129783 0.009949 0.020372
0 0.685739 0.659334 0.010186 0.037277
0 0.403034 0.776298 0.013360 0.041944
0 0.664438 0.875536 0.013845 0.038459
