0 0.591509 0.223839 0.008410 0.034624
0 0.601591 0.605746 0.019871 0.076526
0 0.499781 0.304844 0.009732 0.032187
0 0.515569 0.298807 0.010336 0.032990
0 0.555576 0.570278 0.011778 0.028708
0 0.790127 0.460640 0.007607 0.026246
0 0.168555 0.149943 0.014335 0.029129
0 0.684432 0.657562 0.011808 0.039382
0 0.535008 0.186156 0.013278 0.034045
0 0.314498 0.805923 0.010128 0.029050
0 0.019682 0.026940 0.010212 0.048773
0 0.577435 0.518028 0.008614 0.030320
0 0.135281 0.619069 0.009051 0.024961
0 0.008048 0.488251 0.008643 0.032982
0 0.103544 0.026099 0.012290 0.034062
