0 0.611480 0.050237 0.009087 0.035143
0 0.622360 0.617426 0.011953 0.030310
0 0.581986 0.388156 0.016438 0.084106
0 0.314167 0.778066 0.012239 0.035625
0 0.503028 0.096085 0.009910 0.035070
0 0.560452 0.794616 0.019426 0.075966
0 0.517480 0.111502 0.007909 0.018310
0 0.515393 0.780092 0.011602 0.036466
0 0.312103 0.851103 0.010473 0.039353
0 0.578434 0.359804 0.009328 0.027560
0 0.493726 0.232316 0.009577 0.035050
0 0.278966 0.154581 0.009821 0.027205
0 0.443994 0.100298 0.007297 0.030887
0 0.644332 0.029393 0.007773 0.044693
