0 0.511549 0.402426 0.020451 0.081562
0 0.598664 0.371798 0.009174 0.033170
0 0.813013 0.975577 0.020542 0.045706
0 0.313317 0.775928 0.012761 0.036227
0 0.311151 0.844152 0.008528 0.029903
0 0.301522 0.557464 0.014827 0.040262
0 0.628795 0.621745 0.009660 0.049570
0 0.628713 0.614650 0.009442 0.036070
0 0.540346 0.334662 0.011299 0.026175
0 0.261369 0.140801 0.007891 0.021454
0 0.444498 0.415483 0.009759 0.031824
0 0.783025 0.529994 0.009203 0.029675
0 0.626548 0.249356 0.012951 0.038415
0 0.315761 0.810032 0.011561 0.030589
0 0.508478 0.373112 0.013074 0.024421
0 0.101660 0.402608 0.028082 0.066912
