0 0.502899 0.562722 0.010041 0.033006
0 0.524531 0.579471 0.009882 0.029501
0 0.313394 0.775533 0.012029 0.036621
0 0.503871 0.421958 0.027728 0.089245
0 0.311104 0.846926 0.009650 0.035745
0 0.581427 0.088317 0.010333 0.035909
0 0.466589 0.778169 0.013540 0.056541
0 0.678417 0.427109 0.011055 0.052285
0 0.538924 0.104957 0.010034 0.030978
0 0.037376 0.024309 0.009306 0.033454
0 0.039285 0.026052 0.009716 0.032317
0 0.508105 0.515191 0.014145 0.028036
0 0.372715 0.384875 0.005728 0.019669
0 0.496574 0.435347 0.015821 0.033159
0 0.016952 0.014154 0.010390 0.026030
0 0.007933 0.013611 0.007576 0.026196
0 0.377428 0.479456 0.019404 0.091363
