0 0.462056 0.554995 0.024847 0.126831
0 0.381305 0.504135 0.024591 0.099067
0 0.535593 0.985362 0.009364 0.029271
0 0.559156 0.701672 0.020722 0.117139
0 0.509879 0.992428 0.007830 0.015145
0 0.315620 0.197903 0.012809 0.036635
0 0.504623 0.035587 0.008784 0.032536
0 0.273627 0.792666 0.009274 0.027648
0 0.556461 0.660644 0.013708 0.030610
0 0.402023 0.774893 0.014936 0.042085
0 0.044703 0.034448 0.007728 0.029885
0 0.243099 0.142522 0.009599 0.029130
0 0.608250 0.070764 0.008458 0.035898
0 0.150134 0.090075 0.007900 0.031515
0 0.028056 0.404911 0.028621 0.086370
