0 0.620230 0.069926 0.009680 0.030974
0 0.559497 0.218702 0.008217 0.034771
0 0.548352 0.810435 0.018963 0.080515
0 0.512616 0.511247 0.011566 0.032372
0 0.482055 0.351321 0.009157 0.033375
0 0.791143 0.460676 0.007673 0.026283
0 0.652795 0.411752 0.009411 0.030701
0 0.103397 0.028767 0.011816 0.033455
0 0.019346 0.025931 0.010056 0.038537
0 0.563215 0.243913 0.015207 0.089942
0 0.040247 0.029490 0.010083 0.031859
0 0.044342 0.030957 0.007814 0.031822
0 0.789664 0.461315 0.010612 0.026394
0 0.508978 0.280927 0.009153 0.032702
0 0.309125 0.840722 0.010032 0.031088
0 0.639365 0.389767 0.007200 0.015923
0 0.007590 0.489630 0.009213 0.031332
