0 0.314474 0.779605 0.012101 0.036047
0 0.530379 0.378240 0.011350 0.031797
0 0.313235 0.861362 0.011798 0.056163
0 0.576932 0.582340 0.010255 0.033664
0 0.492435 0.707900 0.010082 0.037156
0 0.317413 0.816769 0.009707 0.035318
0 0.600804 0.603147 0.008142 0.029668
0 0.391662 0.782730 0.005171 0.013908
0 0.588089 0.588100 0.009012 0.027117
0 0.283131 0.852224 0.013101 0.045440
0 0.551253 0.743212 0.007706 0.027955
0 0.555044 0.328011 0.015433 0.060341
0 0.582897 0.023302 0.009481 0.034510
0 0.620812 0.124357 0.009221 0.034132
0 0.302032 0.862765 0.012136 0.043577
0 0.634345 0.346688 0.011881 0.031825
0 0.273814 0.147823 0.019485 0.030675
0 0.551739 0.313160 0.008495 0.031230
0 0.322490 0.730075 0.012787 0.033337
