0 0.362904 0.516556 0.020742 0.095281
0 0.602795 0.047538 0.008839 0.032352
0 0.616688 0.139506 0.008003 0.033137
0 0.690718 0.397527 0.008738 0.040864
0 0.662467 0.825305 0.007576 0.025059
0 0.508296 0.727914 0.008463 0.032429
0 0.782909 0.950187 0.011338 0.034891
0 0.787978 0.458701 0.009909 0.025996
0 0.231119 0.300264 0.022397 0.086617
0 0.239853 0.141966 0.010366 0.031602
0 0.385382 0.260168 0.013158 0.035761
0 0.794775 0.932495 0.011457 0.036529
0 0.160551 0.132421 0.012199 0.032905
0 0.308083 0.844625 0.009170 0.036855
0 0.545096 0.560084 0.008705 0.029854
0 0.545472 0.567052 0.009499 0.046180
0 0.535888 0.885059 0.009492 0.036370
0 0.456861 0.735384 0.011042 0.042907
