0 0.602452 0.060624 0.008373 0.030656
0 0.782703 0.954525 0.012288 0.035178
0 0.388169 0.257127 0.008907 0.026095
0 0.161867 0.129584 0.011614 0.029959
0 0.565638 0.304420 0.009646 0.029856
0 0.583335 0.264865 0.007641 0.025583
0 0.041912 0.035829 0.008328 0.025960
0 0.307969 0.847637 0.008960 0.044883
0 0.789447 0.460332 0.008457 0.024193
0 0.153609 0.093467 0.006911 0.030088
0 0.006905 0.489707 0.008177 0.031095
0 0.189451 0.556716 0.011833 0.035951
0 0.753388 0.972597 0.011923 0.034372
0 0.793759 0.935188 0.010921 0.032849
